ZIP,LAUDO,ESPÉCIE DE PERÍCIA,ESPECIALIDADE,DESTINO,KEYWORDS,ESPECIE_AUTO,ESPECIE_REV,ORIGEM_REV,CONF_SCORE,CONF_SOURCE
010712_21_2025_8_15_SEI_010712_21.2025.8.15.zip,[09]-0258358_Despacho.html,,Médico Psiquiatra,outputs/laudos_por_especie/SEM_ESPECIE/010712_21_2025_8_15_SEI_010712_21.2025.8.15.zip/[09]-0258358_Despacho.html,contabil,SEM_ESPECIE,LAUDO MÉDICO / DNA,texto,0.85,texto
010712_21_2025_8_15_SEI_010712_21.2025.8.15.zip,[07]-0222599_Despacho.html,,Médico Psiquiatra,outputs/laudos_por_especie/SEM_ESPECIE/010712_21_2025_8_15_SEI_010712_21.2025.8.15.zip/[07]-0222599_Despacho.html,,SEM_ESPECIE,LAUDO MÉDICO / DNA,texto,0.85,texto
010707_94_2025_8_15_SEI_010707_94.2025.8.15.zip,[08]-0258200_Despacho.html,,Médico Psiquiatra,outputs/laudos_por_especie/SEM_ESPECIE/010707_94_2025_8_15_SEI_010707_94.2025.8.15.zip/[08]-0258200_Despacho.html,contabil,SEM_ESPECIE,LAUDO MÉDICO / DNA,texto,0.85,texto
010707_94_2025_8_15_SEI_010707_94.2025.8.15.zip,[06]-0222709_Despacho.html,,Médico Psiquiatra,outputs/laudos_por_especie/SEM_ESPECIE/010707_94_2025_8_15_SEI_010707_94.2025.8.15.zip/[06]-0222709_Despacho.html,,SEM_ESPECIE,LAUDO MÉDICO / DNA,texto,0.85,texto
006366_54_2025_8_15_SEI_006366_54.2025.8.15.zip,[08]-0267983_Despacho.html,,se que podem ser,outputs/laudos_por_especie/SEM_ESPECIE/006366_54_2025_8_15_SEI_006366_54.2025.8.15.zip/[08]-0267983_Despacho.html,contabil,SEM_ESPECIE,LAUDO MÉDICO / DNA,texto,0.85,texto
006366_54_2025_8_15_SEI_006366_54.2025.8.15.zip,[06]-0222427_Despacho.html,,se que podem ser,outputs/laudos_por_especie/SEM_ESPECIE/006366_54_2025_8_15_SEI_006366_54.2025.8.15.zip/[06]-0222427_Despacho.html,,SEM_ESPECIE,LAUDO MÉDICO / DNA,texto,0.85,texto
010561_14_2025_8_15_SEI_010561_14.2025.8.15.zip,[07]-0258328_Despacho.html,,se que podem ser,outputs/laudos_por_especie/SEM_ESPECIE/010561_14_2025_8_15_SEI_010561_14.2025.8.15.zip/[07]-0258328_Despacho.html,contabil,SEM_ESPECIE,LAUDO MÉDICO / DNA,texto,0.85,texto
010561_14_2025_8_15_SEI_010561_14.2025.8.15.zip,[05]-0222584_Despacho.html,,se que podem ser,outputs/laudos_por_especie/SEM_ESPECIE/010561_14_2025_8_15_SEI_010561_14.2025.8.15.zip/[05]-0222584_Despacho.html,,SEM_ESPECIE,LAUDO MÉDICO / DNA,texto,0.85,texto
008124_34_2025_8_15_SEI_008124_34.2025.8.15.zip,[08]-0255192_Despacho.html,,Médico Psiquiatra,outputs/laudos_por_especie/SEM_ESPECIE/008124_34_2025_8_15_SEI_008124_34.2025.8.15.zip/[08]-0255192_Despacho.html,contabil,SEM_ESPECIE,LAUDO MÉDICO / DNA,texto,0.85,texto
008124_34_2025_8_15_SEI_008124_34.2025.8.15.zip,[06]-0222499_Despacho.html,,Médico Psiquiatra,outputs/laudos_por_especie/SEM_ESPECIE/008124_34_2025_8_15_SEI_008124_34.2025.8.15.zip/[06]-0222499_Despacho.html,,SEM_ESPECIE,LAUDO MÉDICO / DNA,texto,0.85,texto
008124_34_2025_8_15_SEI_008124_34.2025.8.15.zip,[07]-0254970_Anexo.pdf,,Médico Psiquiatra,outputs/laudos_por_especie/SEM_ESPECIE/008124_34_2025_8_15_SEI_008124_34.2025.8.15.zip/[07]-0254970_Anexo.pdf,,SEM_ESPECIE,LAUDO MÉDICO / DNA,conselho:crm,0.95,conselho
010710_89_2025_8_15_SEI_010710_89.2025.8.15.zip,[08]-0255134_Despacho.html,,se que podem ser,outputs/laudos_por_especie/SEM_ESPECIE/010710_89_2025_8_15_SEI_010710_89.2025.8.15.zip/[08]-0255134_Despacho.html,contabil,SEM_ESPECIE,LAUDO MÉDICO / DNA,texto,0.85,texto
010710_89_2025_8_15_SEI_010710_89.2025.8.15.zip,[06]-0222739_Despacho.html,,se que podem ser,outputs/laudos_por_especie/SEM_ESPECIE/010710_89_2025_8_15_SEI_010710_89.2025.8.15.zip/[06]-0222739_Despacho.html,,SEM_ESPECIE,LAUDO MÉDICO / DNA,texto,0.85,texto
010710_89_2025_8_15_SEI_010710_89.2025.8.15.zip,[07]-0254978_Anexo.pdf,,se que podem ser,outputs/laudos_por_especie/SEM_ESPECIE/010710_89_2025_8_15_SEI_010710_89.2025.8.15.zip/[07]-0254978_Anexo.pdf,,SEM_ESPECIE,LAUDO MÉDICO / DNA,texto,0.85,texto
000219_17_2025_8_15_SEI_000219_17.2025.8.15.zip,[16]-0259429_Anexo_LAUDO.pdf,,Perito Médico,outputs/laudos_por_especie/SEM_ESPECIE/000219_17_2025_8_15_SEI_000219_17.2025.8.15.zip/[16]-0259429_Anexo_LAUDO.pdf,,SEM_ESPECIE,SEM_ESPECIE,sem_match,0.05,sem_especie
000219_17_2025_8_15_SEI_000219_17.2025.8.15.zip,[17]-0259572_Despacho.html,,Perito Médico,outputs/laudos_por_especie/SEM_ESPECIE/000219_17_2025_8_15_SEI_000219_17.2025.8.15.zip/[17]-0259572_Despacho.html,contabil,SEM_ESPECIE,LAUDO MÉDICO / DNA,texto,0.85,texto
000219_17_2025_8_15_SEI_000219_17.2025.8.15.zip,[14]-0253915_Despacho.html,,Perito Médico,outputs/laudos_por_especie/SEM_ESPECIE/000219_17_2025_8_15_SEI_000219_17.2025.8.15.zip/[14]-0253915_Despacho.html,,SEM_ESPECIE,LAUDO MÉDICO / DNA,texto,0.85,texto
000219_17_2025_8_15_SEI_000219_17.2025.8.15.zip,[11]-0221639_Despacho.html,,Perito Médico,outputs/laudos_por_especie/SEM_ESPECIE/000219_17_2025_8_15_SEI_000219_17.2025.8.15.zip/[11]-0221639_Despacho.html,,SEM_ESPECIE,LAUDO MÉDICO / DNA,texto,0.85,texto
000219_17_2025_8_15_SEI_000219_17.2025.8.15.zip,[15]-0253938_Anexo.pdf,,Perito Médico,outputs/laudos_por_especie/SEM_ESPECIE/000219_17_2025_8_15_SEI_000219_17.2025.8.15.zip/[15]-0253938_Anexo.pdf,,SEM_ESPECIE,SEM_ESPECIE,sem_match,0.05,sem_especie
015430_47_2025_8_15_SEI_015430_47.2025.8.15.zip,[13]-0311473_Anexo.pdf,,Perito Médico – mariomarcio.chaves@hotmail.com,outputs/laudos_por_especie/SEM_ESPECIE/015430_47_2025_8_15_SEI_015430_47.2025.8.15.zip/[13]-0311473_Anexo.pdf,,SEM_ESPECIE,SEM_ESPECIE,sem_match,0.05,sem_especie
014216_98_2025_8_15_SEI_014216_98.2025.8.15.zip,[05]-0234549_Anexo.pdf,,Tecnólogo em Gestão Financeira  – laveniuscavalcanti@gmail.com,outputs/laudos_por_especie/SEM_ESPECIE/014216_98_2025_8_15_SEI_014216_98.2025.8.15.zip/[05]-0234549_Anexo.pdf,,SEM_ESPECIE,LAUDO MÉDICO,conselho:crm,0.95,conselho
014216_98_2025_8_15_SEI_014216_98.2025.8.15.zip,[06]-0234551_Anexo.pdf,,Tecnólogo em Gestão Financeira  – laveniuscavalcanti@gmail.com,outputs/laudos_por_especie/SEM_ESPECIE/014216_98_2025_8_15_SEI_014216_98.2025.8.15.zip/[06]-0234551_Anexo.pdf,,SEM_ESPECIE,SEM_ESPECIE,sem_match,0.05,sem_especie
014216_98_2025_8_15_SEI_014216_98.2025.8.15.zip,[01]-0234501_Anexo.pdf,,Tecnólogo em Gestão Financeira  – laveniuscavalcanti@gmail.com,outputs/laudos_por_especie/SEM_ESPECIE/014216_98_2025_8_15_SEI_014216_98.2025.8.15.zip/[01]-0234501_Anexo.pdf,,SEM_ESPECIE,SEM_ESPECIE,sem_match,0.05,sem_especie
003017_35_2024_8_15_SEI_003017_35.2024.8.15.zip,[30]-0287448_Despacho.html,,Perita Médica Oftalmologista,outputs/laudos_por_especie/SEM_ESPECIE/003017_35_2024_8_15_SEI_003017_35.2024.8.15.zip/[30]-0287448_Despacho.html,contabil,SEM_ESPECIE,LAUDO MÉDICO / DNA,texto,0.85,texto
003017_35_2024_8_15_SEI_003017_35.2024.8.15.zip,[27]-0272443_Certidao.html,,Perita Médica Oftalmologista,outputs/laudos_por_especie/SEM_ESPECIE/003017_35_2024_8_15_SEI_003017_35.2024.8.15.zip/[27]-0272443_Certidao.html,,SEM_ESPECIE,LAUDO MÉDICO / DNA,texto,0.85,texto
003017_35_2024_8_15_SEI_003017_35.2024.8.15.zip,[25]-0237726_Decisao.html,,Perita Médica Oftalmologista,outputs/laudos_por_especie/SEM_ESPECIE/003017_35_2024_8_15_SEI_003017_35.2024.8.15.zip/[25]-0237726_Decisao.html,,SEM_ESPECIE,LAUDO MÉDICO / DNA,texto,0.85,texto
003017_35_2024_8_15_SEI_003017_35.2024.8.15.zip,[05]-0064207_Anexo.pdf,,Perita Médica Oftalmologista,outputs/laudos_por_especie/SEM_ESPECIE/003017_35_2024_8_15_SEI_003017_35.2024.8.15.zip/[05]-0064207_Anexo.pdf,,SEM_ESPECIE,LAUDO PSICOLÓGICO,conselho:crp,0.95,conselho
003017_35_2024_8_15_SEI_003017_35.2024.8.15.zip,[23]-0230281_Anexo.pdf,,Perita Médica Oftalmologista,outputs/laudos_por_especie/SEM_ESPECIE/003017_35_2024_8_15_SEI_003017_35.2024.8.15.zip/[23]-0230281_Anexo.pdf,,SEM_ESPECIE,SEM_ESPECIE,sem_match,0.05,sem_especie
003017_35_2024_8_15_SEI_003017_35.2024.8.15.zip,[02]-0062447_Anexo.pdf,,Perita Médica Oftalmologista,outputs/laudos_por_especie/SEM_ESPECIE/003017_35_2024_8_15_SEI_003017_35.2024.8.15.zip/[02]-0062447_Anexo.pdf,,SEM_ESPECIE,SEM_ESPECIE,sem_match,0.05,sem_especie
003017_35_2024_8_15_SEI_003017_35.2024.8.15.zip,[29]-0287319_Anexo.pdf,,Perita Médica Oftalmologista,outputs/laudos_por_especie/SEM_ESPECIE/003017_35_2024_8_15_SEI_003017_35.2024.8.15.zip/[29]-0287319_Anexo.pdf,,SEM_ESPECIE,LAUDO PSICOLÓGICO,conselho:crp,0.95,conselho
004517_64_2025_8_15_SEI_004517_64.2025.8.15.zip,[02]-0117688_Anexo.pdf,"LAUDO DE AVALIAÇÃO DE IMÓVEL URBANO, CONFORME NORMAS DA ABNT RESPECTIVA",Engenheiro Civil,"outputs/laudos_por_especie/LAUDO DE AVALIAÇÃO DE IMÓVEL URBANO, CONFORME NORMAS DA ABNT RESPECTIVA/004517_64_2025_8_15_SEI_004517_64.2025.8.15.zip/[02]-0117688_Anexo.pdf",,"LAUDO DE AVALIAÇÃO DE IMÓVEL URBANO, CONFORME NORMAS DA ABNT RESPECTIVA","LAUDO DE AVALIAÇÃO DE IMÓVEL URBANO, CONFORME NORMAS DA ABNT RESPECTIVA",auto,0.75,auto
004517_64_2025_8_15_SEI_004517_64.2025.8.15.zip,[04]-0219214_Anexo.pdf,"LAUDO DE AVALIAÇÃO DE IMÓVEL URBANO, CONFORME NORMAS DA ABNT RESPECTIVA",Engenheiro Civil,"outputs/laudos_por_especie/LAUDO DE AVALIAÇÃO DE IMÓVEL URBANO, CONFORME NORMAS DA ABNT RESPECTIVA/004517_64_2025_8_15_SEI_004517_64.2025.8.15.zip/[04]-0219214_Anexo.pdf",,"LAUDO DE AVALIAÇÃO DE IMÓVEL URBANO, CONFORME NORMAS DA ABNT RESPECTIVA","LAUDO DE AVALIAÇÃO DE IMÓVEL URBANO, CONFORME NORMAS DA ABNT RESPECTIVA",auto,0.75,auto
008242_89_2024_8_15_SEI_008242_89.2024.8.15.zip,[7]-0331067_Despacho.html,,perito Contador –,outputs/laudos_por_especie/SEM_ESPECIE/008242_89_2024_8_15_SEI_008242_89.2024.8.15.zip/[7]-0331067_Despacho.html,contabil,SEM_ESPECIE,LAUDO MÉDICO / DNA,texto,0.85,texto
008242_89_2024_8_15_SEI_008242_89.2024.8.15.zip,[5]-0222044_Despacho.html,,perito Contador –,outputs/laudos_por_especie/SEM_ESPECIE/008242_89_2024_8_15_SEI_008242_89.2024.8.15.zip/[5]-0222044_Despacho.html,,SEM_ESPECIE,LAUDO MÉDICO / DNA,texto,0.85,texto
008242_89_2024_8_15_SEI_008242_89.2024.8.15.zip,[6]-0330983_Anexo.pdf,,perito Contador –,outputs/laudos_por_especie/SEM_ESPECIE/008242_89_2024_8_15_SEI_008242_89.2024.8.15.zip/[6]-0330983_Anexo.pdf,,SEM_ESPECIE,LAUDO MÉDICO / DNA,texto,0.85,texto
009889_67_2025_8_15_SEI_009889_67.2025.8.15.zip,[04]-0182645_Anexo.pdf,,expertisecpj.doc@gmail.com,outputs/laudos_por_especie/SEM_ESPECIE/009889_67_2025_8_15_SEI_009889_67.2025.8.15.zip/[04]-0182645_Anexo.pdf,,SEM_ESPECIE,LAUDO MÉDICO / DNA,texto,0.85,texto
015425_23_2025_8_15_SEI_015425_23.2025.8.15.zip,[04]-0248808_Anexo.pdf,,Perito Médico – mariomarcio.chaves@hotmail.com,outputs/laudos_por_especie/SEM_ESPECIE/015425_23_2025_8_15_SEI_015425_23.2025.8.15.zip/[04]-0248808_Anexo.pdf,,SEM_ESPECIE,SEM_ESPECIE,sem_match,0.05,sem_especie
015425_23_2025_8_15_SEI_015425_23.2025.8.15.zip,[14]-0311513_Anexo.pdf,,Perito Médico – mariomarcio.chaves@hotmail.com,outputs/laudos_por_especie/SEM_ESPECIE/015425_23_2025_8_15_SEI_015425_23.2025.8.15.zip/[14]-0311513_Anexo.pdf,,SEM_ESPECIE,SEM_ESPECIE,sem_match,0.05,sem_especie
015425_23_2025_8_15_SEI_015425_23.2025.8.15.zip,[03]-0248804_Anexo.pdf,,Perito Médico – mariomarcio.chaves@hotmail.com,outputs/laudos_por_especie/SEM_ESPECIE/015425_23_2025_8_15_SEI_015425_23.2025.8.15.zip/[03]-0248804_Anexo.pdf,,SEM_ESPECIE,SEM_ESPECIE,sem_match,0.05,sem_especie
015415_72_2025_8_15_SEI_015415_72.2025.8.15.zip,[09]-0252550_Despacho.html,LAUDO PSICOLÓGICO,Entrevistadora Forense – anarobertaborges26@gmail.com,outputs/laudos_por_especie/LAUDO PSICOLÓGICO/015415_72_2025_8_15_SEI_015415_72.2025.8.15.zip/[09]-0252550_Despacho.html,contabil,LAUDO PSICOLÓGICO,LAUDO PSICOLÓGICO,auto,0.75,auto
016144_21_2025_8_15_SEI_016144_21.2025.8.15.zip,[03]-0258751_Anexo.pdf,ESTUDO SOCIAL,Assistente Social – siwmarya@hotmail.com,outputs/laudos_por_especie/ESTUDO SOCIAL/016144_21_2025_8_15_SEI_016144_21.2025.8.15.zip/[03]-0258751_Anexo.pdf,,ESTUDO SOCIAL,ESTUDO SOCIAL,auto,0.75,auto
016155_35_2025_8_15_SEI_016155_35.2025.8.15.zip,[04]-0258625_Anexo.pdf,ESTUDO SOCIAL,Assistente Social –,outputs/laudos_por_especie/ESTUDO SOCIAL/016155_35_2025_8_15_SEI_016155_35.2025.8.15.zip/[04]-0258625_Anexo.pdf,,ESTUDO SOCIAL,ESTUDO SOCIAL,auto,0.75,auto
016110_13_2025_8_15_SEI_016110_13.2025.8.15.zip,[03]-0261357_Anexo.pdf,ESTUDO SOCIAL,Perita Assistente Social – siwmarya@hotmail.com,outputs/laudos_por_especie/ESTUDO SOCIAL/016110_13_2025_8_15_SEI_016110_13.2025.8.15.zip/[03]-0261357_Anexo.pdf,,ESTUDO SOCIAL,ESTUDO SOCIAL,auto,0.75,auto
016158_30_2025_8_15_SEI_016158_30.2025.8.15.zip,[04]-0258547_Anexo.pdf,ESTUDO SOCIAL,Assistente Social  –,outputs/laudos_por_especie/ESTUDO SOCIAL/016158_30_2025_8_15_SEI_016158_30.2025.8.15.zip/[04]-0258547_Anexo.pdf,,ESTUDO SOCIAL,ESTUDO SOCIAL,auto,0.75,auto
015911_86_2025_8_15_SEI_015911_86.2025.8.15.zip,[01]-0254639_Oficio_87.html,,Médico,outputs/laudos_por_especie/SEM_ESPECIE/015911_86_2025_8_15_SEI_015911_86.2025.8.15.zip/[01]-0254639_Oficio_87.html,,SEM_ESPECIE,LAUDO MÉDICO / DNA,conselho:crm,0.95,conselho
015911_86_2025_8_15_SEI_015911_86.2025.8.15.zip,[05]-0254667_Anexo_Id_121425278.pdf,,Médico,outputs/laudos_por_especie/SEM_ESPECIE/015911_86_2025_8_15_SEI_015911_86.2025.8.15.zip/[05]-0254667_Anexo_Id_121425278.pdf,,SEM_ESPECIE,SEM_ESPECIE,sem_match,0.05,sem_especie
015911_86_2025_8_15_SEI_015911_86.2025.8.15.zip,[03]-0254663_Anexo_Id_114557396.pdf,,Médico,outputs/laudos_por_especie/SEM_ESPECIE/015911_86_2025_8_15_SEI_015911_86.2025.8.15.zip/[03]-0254663_Anexo_Id_114557396.pdf,,SEM_ESPECIE,SEM_ESPECIE,sem_match,0.05,sem_especie
015922_03_2025_8_15_SEI_015922_03.2025.8.15.zip,[01]-0254737_Oficio_88_2025.html,,Médico,outputs/laudos_por_especie/SEM_ESPECIE/015922_03_2025_8_15_SEI_015922_03.2025.8.15.zip/[01]-0254737_Oficio_88_2025.html,,SEM_ESPECIE,LAUDO MÉDICO / DNA,conselho:crm,0.95,conselho
015922_03_2025_8_15_SEI_015922_03.2025.8.15.zip,[05]-0254763_Anexo_Id_120234183.pdf,,Médico,outputs/laudos_por_especie/SEM_ESPECIE/015922_03_2025_8_15_SEI_015922_03.2025.8.15.zip/[05]-0254763_Anexo_Id_120234183.pdf,,SEM_ESPECIE,LAUDO MÉDICO / DNA,texto,0.85,texto
015922_03_2025_8_15_SEI_015922_03.2025.8.15.zip,[03]-0254748_Anexo_Id_114557398.pdf,,Médico,outputs/laudos_por_especie/SEM_ESPECIE/015922_03_2025_8_15_SEI_015922_03.2025.8.15.zip/[03]-0254748_Anexo_Id_114557398.pdf,,SEM_ESPECIE,SEM_ESPECIE,sem_match,0.05,sem_especie
016178_29_2025_8_15_SEI_016178_29.2025.8.15.zip,[03]-0260302_Anexo.pdf,ESTUDO SOCIAL,III,outputs/laudos_por_especie/ESTUDO SOCIAL/016178_29_2025_8_15_SEI_016178_29.2025.8.15.zip/[03]-0260302_Anexo.pdf,,ESTUDO SOCIAL,ESTUDO SOCIAL,auto,0.75,auto
015935_46_2025_8_15_SEI_015935_46.2025.8.15.zip,[01]-0254893_Oficio_91_2025.html,,Médico,outputs/laudos_por_especie/SEM_ESPECIE/015935_46_2025_8_15_SEI_015935_46.2025.8.15.zip/[01]-0254893_Oficio_91_2025.html,,SEM_ESPECIE,LAUDO MÉDICO / DNA,conselho:crm,0.95,conselho
015935_46_2025_8_15_SEI_015935_46.2025.8.15.zip,[05]-0254914_Anexo_Id_120234178.pdf,,Médico,outputs/laudos_por_especie/SEM_ESPECIE/015935_46_2025_8_15_SEI_015935_46.2025.8.15.zip/[05]-0254914_Anexo_Id_120234178.pdf,,SEM_ESPECIE,SEM_ESPECIE,sem_match,0.05,sem_especie
015935_46_2025_8_15_SEI_015935_46.2025.8.15.zip,[03]-0254908_Anexo_Id_114041162.pdf,,Médico,outputs/laudos_por_especie/SEM_ESPECIE/015935_46_2025_8_15_SEI_015935_46.2025.8.15.zip/[03]-0254908_Anexo_Id_114041162.pdf,,SEM_ESPECIE,SEM_ESPECIE,sem_match,0.05,sem_especie
015925_95_2025_8_15_SEI_015925_95.2025.8.15.zip,[01]-0254789_Oficio_89_2025.html,,Médico,outputs/laudos_por_especie/SEM_ESPECIE/015925_95_2025_8_15_SEI_015925_95.2025.8.15.zip/[01]-0254789_Oficio_89_2025.html,,SEM_ESPECIE,LAUDO MÉDICO / DNA,conselho:crm,0.95,conselho
015925_95_2025_8_15_SEI_015925_95.2025.8.15.zip,[05]-0254814_Anexo_Id_121425282.pdf,,Médico,outputs/laudos_por_especie/SEM_ESPECIE/015925_95_2025_8_15_SEI_015925_95.2025.8.15.zip/[05]-0254814_Anexo_Id_121425282.pdf,,SEM_ESPECIE,SEM_ESPECIE,sem_match,0.05,sem_especie
015925_95_2025_8_15_SEI_015925_95.2025.8.15.zip,[03]-0254807_Anexo_Id__114559152.pdf,,Médico,outputs/laudos_por_especie/SEM_ESPECIE/015925_95_2025_8_15_SEI_015925_95.2025.8.15.zip/[03]-0254807_Anexo_Id__114559152.pdf,,SEM_ESPECIE,SEM_ESPECIE,sem_match,0.05,sem_especie
015929_56_2025_8_15_SEI_015929_56.2025.8.15.zip,[01]-0254830_Oficio_90_2025.html,,Médico Psiquiatra – Pedroed1913@hotmail.com,outputs/laudos_por_especie/SEM_ESPECIE/015929_56_2025_8_15_SEI_015929_56.2025.8.15.zip/[01]-0254830_Oficio_90_2025.html,,SEM_ESPECIE,LAUDO MÉDICO / DNA,conselho:crm,0.95,conselho
015929_56_2025_8_15_SEI_015929_56.2025.8.15.zip,[05]-0254839_Anexo_Id_121425288.pdf,,Médico Psiquiatra – Pedroed1913@hotmail.com,outputs/laudos_por_especie/SEM_ESPECIE/015929_56_2025_8_15_SEI_015929_56.2025.8.15.zip/[05]-0254839_Anexo_Id_121425288.pdf,,SEM_ESPECIE,SEM_ESPECIE,sem_match,0.05,sem_especie
015929_56_2025_8_15_SEI_015929_56.2025.8.15.zip,[03]-0254836_Anexo_Id_113439514.pdf,,Médico Psiquiatra – Pedroed1913@hotmail.com,outputs/laudos_por_especie/SEM_ESPECIE/015929_56_2025_8_15_SEI_015929_56.2025.8.15.zip/[03]-0254836_Anexo_Id_113439514.pdf,,SEM_ESPECIE,SEM_ESPECIE,sem_match,0.05,sem_especie
006722_75_2025_8_15_SEI_006722_75.2025.8.15.zip,[17]-0207215_Despacho.html,,Médica,outputs/laudos_por_especie/SEM_ESPECIE/006722_75_2025_8_15_SEI_006722_75.2025.8.15.zip/[17]-0207215_Despacho.html,contabil,SEM_ESPECIE,LAUDO MÉDICO / DNA,texto,0.85,texto
006722_75_2025_8_15_SEI_006722_75.2025.8.15.zip,[14]-0192843_Certidao.html,,Médica,outputs/laudos_por_especie/SEM_ESPECIE/006722_75_2025_8_15_SEI_006722_75.2025.8.15.zip/[14]-0192843_Certidao.html,,SEM_ESPECIE,LAUDO MÉDICO / DNA,texto,0.85,texto
006722_75_2025_8_15_SEI_006722_75.2025.8.15.zip,[16]-0207162_Anexo.pdf,,Médica,outputs/laudos_por_especie/SEM_ESPECIE/006722_75_2025_8_15_SEI_006722_75.2025.8.15.zip/[16]-0207162_Anexo.pdf,,SEM_ESPECIE,LAUDO MÉDICO / DNA,texto,0.85,texto
005071_46_2025_8_15_SEI_005071_46.2025.8.15.zip,[08]-0222109_Despacho.html,,expertisecpj.doc@gmail.com,outputs/laudos_por_especie/SEM_ESPECIE/005071_46_2025_8_15_SEI_005071_46.2025.8.15.zip/[08]-0222109_Despacho.html,contabil,SEM_ESPECIE,LAUDO MÉDICO / DNA,texto,0.85,texto
005071_46_2025_8_15_SEI_005071_46.2025.8.15.zip,[07]-0222106_Anexo.pdf,,expertisecpj.doc@gmail.com,outputs/laudos_por_especie/SEM_ESPECIE/005071_46_2025_8_15_SEI_005071_46.2025.8.15.zip/[07]-0222106_Anexo.pdf,,SEM_ESPECIE,LAUDO DE ARQUITETURA,conselho:cau,0.95,conselho
005071_46_2025_8_15_SEI_005071_46.2025.8.15.zip,[02]-0124365_Anexo.pdf,,expertisecpj.doc@gmail.com,outputs/laudos_por_especie/SEM_ESPECIE/005071_46_2025_8_15_SEI_005071_46.2025.8.15.zip/[02]-0124365_Anexo.pdf,,SEM_ESPECIE,SEM_ESPECIE,sem_match,0.05,sem_especie
015004_78_2025_8_15_SEI_015004_78.2025.8.15.zip,[02]-0242822_Anexo.pdf,,Interessado:,outputs/laudos_por_especie/SEM_ESPECIE/015004_78_2025_8_15_SEI_015004_78.2025.8.15.zip/[02]-0242822_Anexo.pdf,,SEM_ESPECIE,LAUDO MÉDICO / DNA,texto,0.85,texto
017649_67_2025_8_15_SEI_017649_67.2025.8.15.zip,[14]-0296475_Anexo.pdf,LAUDO PSICOLÓGICO,Entrevistadora Forense,outputs/laudos_por_especie/LAUDO PSICOLÓGICO/017649_67_2025_8_15_SEI_017649_67.2025.8.15.zip/[14]-0296475_Anexo.pdf,,LAUDO PSICOLÓGICO,LAUDO PSICOLÓGICO,auto,0.75,auto
017650_33_2025_8_15_SEI_017650_33.2025.8.15.zip,[15]-0291139_Anexo.pdf,LAUDO PSICOLÓGICO,Entrevistadora Forense Psicóloga,outputs/laudos_por_especie/LAUDO PSICOLÓGICO/017650_33_2025_8_15_SEI_017650_33.2025.8.15.zip/[15]-0291139_Anexo.pdf,,LAUDO PSICOLÓGICO,LAUDO PSICOLÓGICO,auto,0.75,auto
010489_37_2025_8_15_SEI_010489_37.2025.8.15.zip,[14]-0253660_Decisao.html,,expertisecpj.doc@gmail.com,outputs/laudos_por_especie/SEM_ESPECIE/010489_37_2025_8_15_SEI_010489_37.2025.8.15.zip/[14]-0253660_Decisao.html,,SEM_ESPECIE,LAUDO MÉDICO / DNA,texto,0.85,texto
010489_37_2025_8_15_SEI_010489_37.2025.8.15.zip,[12]-0217338_Informacao.html,,expertisecpj.doc@gmail.com,outputs/laudos_por_especie/SEM_ESPECIE/010489_37_2025_8_15_SEI_010489_37.2025.8.15.zip/[12]-0217338_Informacao.html,,LAUDO GRAFOTÉCNICO,LAUDO GRAFOTÉCNICO,auto,0.75,auto
010489_37_2025_8_15_SEI_010489_37.2025.8.15.zip,[03]-0188530_Anexo.pdf,,expertisecpj.doc@gmail.com,outputs/laudos_por_especie/SEM_ESPECIE/010489_37_2025_8_15_SEI_010489_37.2025.8.15.zip/[03]-0188530_Anexo.pdf,,SEM_ESPECIE,LAUDO MÉDICO / DNA,conselho:cau,0.95,conselho
017652_62_2025_8_15_SEI_017652_62.2025.8.15.zip,[14]-0296323_Anexo.pdf,LAUDO PSICOLÓGICO,Entrevistadora Forense,outputs/laudos_por_especie/LAUDO PSICOLÓGICO/017652_62_2025_8_15_SEI_017652_62.2025.8.15.zip/[14]-0296323_Anexo.pdf,,LAUDO PSICOLÓGICO,LAUDO PSICOLÓGICO,auto,0.75,auto
016017_71_2025_8_15_SEI_016017_71.2025.8.15.zip,[02]-0256014_Anexo_002.pdf,LAUDO GRAFOTÉCNICO,Perito Grafocopista,outputs/laudos_por_especie/LAUDO GRAFOTÉCNICO/016017_71_2025_8_15_SEI_016017_71.2025.8.15.zip/[02]-0256014_Anexo_002.pdf,,LAUDO GRAFOTÉCNICO,LAUDO GRAFOTÉCNICO,auto,0.75,auto
017654_91_2025_8_15_SEI_017654_91.2025.8.15.zip,[14]-0296430_Anexo.pdf,LAUDO PSICOLÓGICO,Entrevistadora Forense,outputs/laudos_por_especie/LAUDO PSICOLÓGICO/017654_91_2025_8_15_SEI_017654_91.2025.8.15.zip/[14]-0296430_Anexo.pdf,,LAUDO PSICOLÓGICO,LAUDO PSICOLÓGICO,auto,0.75,auto
015611_04_2025_8_15_SEI_015611_04.2025.8.15.zip,[06]-0251213_Anexo_SN.pdf,"LAUDO DE AVALIAÇÃO DE IMÓVEL URBANO, CONFORME NORMAS DA ABNT RESPECTIVA",Engenheiro Civil e de Segurança do Trabalho,"outputs/laudos_por_especie/LAUDO DE AVALIAÇÃO DE IMÓVEL URBANO, CONFORME NORMAS DA ABNT RESPECTIVA/015611_04_2025_8_15_SEI_015611_04.2025.8.15.zip/[06]-0251213_Anexo_SN.pdf",,"LAUDO DE AVALIAÇÃO DE IMÓVEL URBANO, CONFORME NORMAS DA ABNT RESPECTIVA","LAUDO DE AVALIAÇÃO DE IMÓVEL URBANO, CONFORME NORMAS DA ABNT RESPECTIVA",auto,0.75,auto
015611_04_2025_8_15_SEI_015611_04.2025.8.15.zip,[07]-0251215_Anexo_SN.pdf,"LAUDO DE AVALIAÇÃO DE IMÓVEL URBANO, CONFORME NORMAS DA ABNT RESPECTIVA",Engenheiro Civil e de Segurança do Trabalho,"outputs/laudos_por_especie/LAUDO DE AVALIAÇÃO DE IMÓVEL URBANO, CONFORME NORMAS DA ABNT RESPECTIVA/015611_04_2025_8_15_SEI_015611_04.2025.8.15.zip/[07]-0251215_Anexo_SN.pdf",,"LAUDO DE AVALIAÇÃO DE IMÓVEL URBANO, CONFORME NORMAS DA ABNT RESPECTIVA","LAUDO DE AVALIAÇÃO DE IMÓVEL URBANO, CONFORME NORMAS DA ABNT RESPECTIVA",auto,0.75,auto
017653_28_2025_8_15_SEI_017653_28.2025.8.15.zip,[14]-0296395_Anexo.pdf,LAUDO PSICOLÓGICO,Entrevistadora Forense,outputs/laudos_por_especie/LAUDO PSICOLÓGICO/017653_28_2025_8_15_SEI_017653_28.2025.8.15.zip/[14]-0296395_Anexo.pdf,,LAUDO PSICOLÓGICO,LAUDO PSICOLÓGICO,auto,0.75,auto
007720_86_2024_8_15_SEI_007720_86.2024.8.15.zip,[23]-0275738_Decisao.html,LAUDO GRAFOTÉCNICO,Perito Grafotécnico,outputs/laudos_por_especie/LAUDO GRAFOTÉCNICO/007720_86_2024_8_15_SEI_007720_86.2024.8.15.zip/[23]-0275738_Decisao.html,,LAUDO GRAFOTÉCNICO,LAUDO GRAFOTÉCNICO,auto,0.75,auto
007720_86_2024_8_15_SEI_007720_86.2024.8.15.zip,[02]-0072864_Anexo.pdf,LAUDO GRAFOTÉCNICO,Perito Grafotécnico,outputs/laudos_por_especie/LAUDO GRAFOTÉCNICO/007720_86_2024_8_15_SEI_007720_86.2024.8.15.zip/[02]-0072864_Anexo.pdf,,LAUDO GRAFOTÉCNICO,LAUDO GRAFOTÉCNICO,auto,0.75,auto
016774_38_2025_8_15_SEI_016774_38.2025.8.15.zip,[02]-0264959_Anexo.pdf,"LAUDO DE AVALIAÇÃO DE IMÓVEL URBANO, CONFORME NORMAS DA ABNT RESPECTIVA",Engenheira Civil –,"outputs/laudos_por_especie/LAUDO DE AVALIAÇÃO DE IMÓVEL URBANO, CONFORME NORMAS DA ABNT RESPECTIVA/016774_38_2025_8_15_SEI_016774_38.2025.8.15.zip/[02]-0264959_Anexo.pdf",,"LAUDO DE AVALIAÇÃO DE IMÓVEL URBANO, CONFORME NORMAS DA ABNT RESPECTIVA","LAUDO DE AVALIAÇÃO DE IMÓVEL URBANO, CONFORME NORMAS DA ABNT RESPECTIVA",auto,0.75,auto
016774_38_2025_8_15_SEI_016774_38.2025.8.15.zip,[03]-0265024_Anexo.pdf,"LAUDO DE AVALIAÇÃO DE IMÓVEL URBANO, CONFORME NORMAS DA ABNT RESPECTIVA",Engenheira Civil –,"outputs/laudos_por_especie/LAUDO DE AVALIAÇÃO DE IMÓVEL URBANO, CONFORME NORMAS DA ABNT RESPECTIVA/016774_38_2025_8_15_SEI_016774_38.2025.8.15.zip/[03]-0265024_Anexo.pdf",,"LAUDO DE AVALIAÇÃO DE IMÓVEL URBANO, CONFORME NORMAS DA ABNT RESPECTIVA","LAUDO DE AVALIAÇÃO DE IMÓVEL URBANO, CONFORME NORMAS DA ABNT RESPECTIVA",auto,0.75,auto
018142_86_2025_8_15_SEI_018142_86.2025.8.15.zip,[03]-0289341_Anexo.pdf,,Médico Psiquiatra – gustavolfm1@hotmail.com,outputs/laudos_por_especie/SEM_ESPECIE/018142_86_2025_8_15_SEI_018142_86.2025.8.15.zip/[03]-0289341_Anexo.pdf,,SEM_ESPECIE,SEM_ESPECIE,sem_match,0.05,sem_especie
018248_71_2025_8_15_SEI_018248_71.2025.8.15.zip,[09]-0297263_Anexo.pdf,LAUDO PSICOLÓGICO,Entrevistadora Forense Psicóloga,outputs/laudos_por_especie/LAUDO PSICOLÓGICO/018248_71_2025_8_15_SEI_018248_71.2025.8.15.zip/[09]-0297263_Anexo.pdf,,LAUDO PSICOLÓGICO,LAUDO PSICOLÓGICO,auto,0.75,auto
018388_64_2025_8_15_SEI_018388_64.2025.8.15.zip,[02]-0289267_Anexo.pdf,LAUDO PSICOLÓGICO,Entrevistadora Forense,outputs/laudos_por_especie/LAUDO PSICOLÓGICO/018388_64_2025_8_15_SEI_018388_64.2025.8.15.zip/[02]-0289267_Anexo.pdf,,LAUDO PSICOLÓGICO,LAUDO PSICOLÓGICO,auto,0.75,auto
018394_54_2025_8_15_SEI_018394_54.2025.8.15.zip,[02]-0289282_Anexo.pdf,LAUDO PSICOLÓGICO,Entrevistadora Forense,outputs/laudos_por_especie/LAUDO PSICOLÓGICO/018394_54_2025_8_15_SEI_018394_54.2025.8.15.zip/[02]-0289282_Anexo.pdf,,LAUDO PSICOLÓGICO,LAUDO PSICOLÓGICO,auto,0.75,auto
018356_85_2025_8_15_SEI_018356_85.2025.8.15.zip,[01]-0285788_Anexo_01.pdf,"LAUDO DE AVALIAÇÃO DE IMÓVEL URBANO, CONFORME NORMAS DA ABNT RESPECTIVA",Engenheiro,"outputs/laudos_por_especie/LAUDO DE AVALIAÇÃO DE IMÓVEL URBANO, CONFORME NORMAS DA ABNT RESPECTIVA/018356_85_2025_8_15_SEI_018356_85.2025.8.15.zip/[01]-0285788_Anexo_01.pdf",,"LAUDO DE AVALIAÇÃO DE IMÓVEL URBANO, CONFORME NORMAS DA ABNT RESPECTIVA","LAUDO DE AVALIAÇÃO DE IMÓVEL URBANO, CONFORME NORMAS DA ABNT RESPECTIVA",auto,0.75,auto
018356_85_2025_8_15_SEI_018356_85.2025.8.15.zip,[10]-0291679_Anexo.pdf,"LAUDO DE AVALIAÇÃO DE IMÓVEL URBANO, CONFORME NORMAS DA ABNT RESPECTIVA",Engenheiro,"outputs/laudos_por_especie/LAUDO DE AVALIAÇÃO DE IMÓVEL URBANO, CONFORME NORMAS DA ABNT RESPECTIVA/018356_85_2025_8_15_SEI_018356_85.2025.8.15.zip/[10]-0291679_Anexo.pdf",,"LAUDO DE AVALIAÇÃO DE IMÓVEL URBANO, CONFORME NORMAS DA ABNT RESPECTIVA","LAUDO DE AVALIAÇÃO DE IMÓVEL URBANO, CONFORME NORMAS DA ABNT RESPECTIVA",auto,0.75,auto
017806_64_2025_8_15_SEI_017806_64.2025.8.15.zip,[02]-0279844_Anexo_s_n.pdf,"LAUDO DE AVALIAÇÃO DE IMÓVEL URBANO, CONFORME NORMAS DA ABNT RESPECTIVA",Engenheiro Civil,"outputs/laudos_por_especie/LAUDO DE AVALIAÇÃO DE IMÓVEL URBANO, CONFORME NORMAS DA ABNT RESPECTIVA/017806_64_2025_8_15_SEI_017806_64.2025.8.15.zip/[02]-0279844_Anexo_s_n.pdf",,"LAUDO DE AVALIAÇÃO DE IMÓVEL URBANO, CONFORME NORMAS DA ABNT RESPECTIVA","LAUDO DE AVALIAÇÃO DE IMÓVEL URBANO, CONFORME NORMAS DA ABNT RESPECTIVA",auto,0.75,auto
018174_65_2025_8_15_SEI_018174_65.2025.8.15.zip,[03]-0283715_Anexo.pdf,,Contador,outputs/laudos_por_especie/SEM_ESPECIE/018174_65_2025_8_15_SEI_018174_65.2025.8.15.zip/[03]-0283715_Anexo.pdf,,SEM_ESPECIE,LAUDO MÉDICO / DNA,texto,0.85,texto
017651_96_2025_8_15_SEI_017651_96.2025.8.15.zip,[14]-0296347_Anexo.pdf,LAUDO PSICOLÓGICO,Entrevistadora Forense,outputs/laudos_por_especie/LAUDO PSICOLÓGICO/017651_96_2025_8_15_SEI_017651_96.2025.8.15.zip/[14]-0296347_Anexo.pdf,,LAUDO PSICOLÓGICO,LAUDO PSICOLÓGICO,auto,0.75,auto
018894_29_2025_8_15_SEI_018894_29.2025.8.15.zip,[1]-0291675_Anexo_01.pdf,"LAUDO DE AVALIAÇÃO DE IMÓVEL URBANO, CONFORME NORMAS DA ABNT RESPECTIVA",Engenheiro Civil e de Segurança do Trabalho,"outputs/laudos_por_especie/LAUDO DE AVALIAÇÃO DE IMÓVEL URBANO, CONFORME NORMAS DA ABNT RESPECTIVA/018894_29_2025_8_15_SEI_018894_29.2025.8.15.zip/[1]-0291675_Anexo_01.pdf",,"LAUDO DE AVALIAÇÃO DE IMÓVEL URBANO, CONFORME NORMAS DA ABNT RESPECTIVA","LAUDO DE AVALIAÇÃO DE IMÓVEL URBANO, CONFORME NORMAS DA ABNT RESPECTIVA",auto,0.75,auto
018893_63_2025_8_15_SEI_018893_63.2025.8.15.zip,[01]-0291672_Anexo_01.pdf,"LAUDO DE AVALIAÇÃO DE IMÓVEL URBANO, CONFORME NORMAS DA ABNT RESPECTIVA",Engenheiro,"outputs/laudos_por_especie/LAUDO DE AVALIAÇÃO DE IMÓVEL URBANO, CONFORME NORMAS DA ABNT RESPECTIVA/018893_63_2025_8_15_SEI_018893_63.2025.8.15.zip/[01]-0291672_Anexo_01.pdf",,"LAUDO DE AVALIAÇÃO DE IMÓVEL URBANO, CONFORME NORMAS DA ABNT RESPECTIVA","LAUDO DE AVALIAÇÃO DE IMÓVEL URBANO, CONFORME NORMAS DA ABNT RESPECTIVA",auto,0.75,auto
018949_02_2025_8_15_SEI_018949_02.2025.8.15.zip,[01]-0292319_Anexo.pdf,"LAUDO DE AVALIAÇÃO DE IMÓVEL URBANO, CONFORME NORMAS DA ABNT RESPECTIVA",Engenheira Civil,"outputs/laudos_por_especie/LAUDO DE AVALIAÇÃO DE IMÓVEL URBANO, CONFORME NORMAS DA ABNT RESPECTIVA/018949_02_2025_8_15_SEI_018949_02.2025.8.15.zip/[01]-0292319_Anexo.pdf",,"LAUDO DE AVALIAÇÃO DE IMÓVEL URBANO, CONFORME NORMAS DA ABNT RESPECTIVA","LAUDO DE AVALIAÇÃO DE IMÓVEL URBANO, CONFORME NORMAS DA ABNT RESPECTIVA",auto,0.75,auto
018949_02_2025_8_15_SEI_018949_02.2025.8.15.zip,[03]-0292893_Anexo.pdf,"LAUDO DE AVALIAÇÃO DE IMÓVEL URBANO, CONFORME NORMAS DA ABNT RESPECTIVA",Engenheira Civil,"outputs/laudos_por_especie/LAUDO DE AVALIAÇÃO DE IMÓVEL URBANO, CONFORME NORMAS DA ABNT RESPECTIVA/018949_02_2025_8_15_SEI_018949_02.2025.8.15.zip/[03]-0292893_Anexo.pdf",,"LAUDO DE AVALIAÇÃO DE IMÓVEL URBANO, CONFORME NORMAS DA ABNT RESPECTIVA","LAUDO DE AVALIAÇÃO DE IMÓVEL URBANO, CONFORME NORMAS DA ABNT RESPECTIVA",auto,0.75,auto
018763_21_2025_8_15_SEI_018763_21.2025.8.15.zip,[06]-0290231_Anexo.pdf,LAUDO GRAFOTÉCNICO,Perito Grafocopista–,outputs/laudos_por_especie/LAUDO GRAFOTÉCNICO/018763_21_2025_8_15_SEI_018763_21.2025.8.15.zip/[06]-0290231_Anexo.pdf,,LAUDO GRAFOTÉCNICO,LAUDO GRAFOTÉCNICO,auto,0.75,auto
018763_21_2025_8_15_SEI_018763_21.2025.8.15.zip,[04]-0290224_Anexo.pdf,LAUDO GRAFOTÉCNICO,Perito Grafocopista–,outputs/laudos_por_especie/LAUDO GRAFOTÉCNICO/018763_21_2025_8_15_SEI_018763_21.2025.8.15.zip/[04]-0290224_Anexo.pdf,,LAUDO GRAFOTÉCNICO,LAUDO GRAFOTÉCNICO,auto,0.75,auto
018763_21_2025_8_15_SEI_018763_21.2025.8.15.zip,[13]-0295528_Anexo.pdf,LAUDO GRAFOTÉCNICO,Perito Grafocopista–,outputs/laudos_por_especie/LAUDO GRAFOTÉCNICO/018763_21_2025_8_15_SEI_018763_21.2025.8.15.zip/[13]-0295528_Anexo.pdf,,LAUDO GRAFOTÉCNICO,LAUDO GRAFOTÉCNICO,auto,0.75,auto
018763_21_2025_8_15_SEI_018763_21.2025.8.15.zip,[12]-0295527_Anexo.pdf,LAUDO GRAFOTÉCNICO,Perito Grafocopista–,outputs/laudos_por_especie/LAUDO GRAFOTÉCNICO/018763_21_2025_8_15_SEI_018763_21.2025.8.15.zip/[12]-0295527_Anexo.pdf,,LAUDO GRAFOTÉCNICO,LAUDO GRAFOTÉCNICO,auto,0.75,auto
018905_43_2025_8_15_SEI_018905_43.2025.8.15.zip,[12]-0296531_Anexo.pdf,LAUDO PSICOLÓGICO,Entrevistadora Forense,outputs/laudos_por_especie/LAUDO PSICOLÓGICO/018905_43_2025_8_15_SEI_018905_43.2025.8.15.zip/[12]-0296531_Anexo.pdf,,LAUDO PSICOLÓGICO,LAUDO PSICOLÓGICO,auto,0.75,auto
013563_87_2025_8_15_SEI_013563_87.2025.8.15.zip,[06]-0226192_Anexo.pdf,,Perito Tecnólogo em gestão financeira,outputs/laudos_por_especie/SEM_ESPECIE/013563_87_2025_8_15_SEI_013563_87.2025.8.15.zip/[06]-0226192_Anexo.pdf,,SEM_ESPECIE,SEM_ESPECIE,sem_match,0.05,sem_especie
017778_46_2025_8_15_SEI_017778_46.2025.8.15.zip,[18]-0328637_Anexo.pdf,,Interessado: BRENO FRANCISCO PEREIRA,outputs/laudos_por_especie/SEM_ESPECIE/017778_46_2025_8_15_SEI_017778_46.2025.8.15.zip/[18]-0328637_Anexo.pdf,,SEM_ESPECIE,SEM_ESPECIE,sem_match,0.05,sem_especie
017778_46_2025_8_15_SEI_017778_46.2025.8.15.zip,[06]-0278677_Anexo_5.pdf,,Interessado: BRENO FRANCISCO PEREIRA,outputs/laudos_por_especie/SEM_ESPECIE/017778_46_2025_8_15_SEI_017778_46.2025.8.15.zip/[06]-0278677_Anexo_5.pdf,,SEM_ESPECIE,SEM_ESPECIE,sem_match,0.05,sem_especie
017778_46_2025_8_15_SEI_017778_46.2025.8.15.zip,[04]-0278661_Anexo_3.pdf,,Interessado: BRENO FRANCISCO PEREIRA,outputs/laudos_por_especie/SEM_ESPECIE/017778_46_2025_8_15_SEI_017778_46.2025.8.15.zip/[04]-0278661_Anexo_3.pdf,,SEM_ESPECIE,LAUDO MÉDICO / DNA,texto,0.85,texto
018983_10_2025_8_15_SEI_018983_10.2025.8.15.zip,[02]-0292749_Anexo.pdf,LAUDO PSICOLÓGICO,Entrevistadora Forense,outputs/laudos_por_especie/LAUDO PSICOLÓGICO/018983_10_2025_8_15_SEI_018983_10.2025.8.15.zip/[02]-0292749_Anexo.pdf,,LAUDO PSICOLÓGICO,LAUDO PSICOLÓGICO,auto,0.75,auto
019328_17_2025_8_15_SEI_019328_17.2025.8.15.zip,[08]-0302439_Anexo.pdf,LAUDO PSICOLÓGICO,Entrevistadora Forense – Psicóloga,outputs/laudos_por_especie/LAUDO PSICOLÓGICO/019328_17_2025_8_15_SEI_019328_17.2025.8.15.zip/[08]-0302439_Anexo.pdf,,LAUDO PSICOLÓGICO,LAUDO PSICOLÓGICO,auto,0.75,auto
019056_50_2025_8_15_SEI_019056_50.2025.8.15.zip,[09]-0301994_Anexo.pdf,LAUDO PSICOLÓGICO,Entrevistadora Forense,outputs/laudos_por_especie/LAUDO PSICOLÓGICO/019056_50_2025_8_15_SEI_019056_50.2025.8.15.zip/[09]-0301994_Anexo.pdf,,LAUDO PSICOLÓGICO,LAUDO PSICOLÓGICO,auto,0.75,auto
018172_36_2025_8_15_SEI_018172_36.2025.8.15.zip,[10]-0297112_Decisao.html,"LAUDO DE AVALIAÇÃO DE IMÓVEL URBANO, CONFORME NORMAS DA ABNT RESPECTIVA",Perito Engenheiro Civil – alcimarfraga702@gmail.com,"outputs/laudos_por_especie/LAUDO DE AVALIAÇÃO DE IMÓVEL URBANO, CONFORME NORMAS DA ABNT RESPECTIVA/018172_36_2025_8_15_SEI_018172_36.2025.8.15.zip/[10]-0297112_Decisao.html",engenheiro,"LAUDO DE AVALIAÇÃO DE IMÓVEL URBANO, CONFORME NORMAS DA ABNT RESPECTIVA","LAUDO DE AVALIAÇÃO DE IMÓVEL URBANO, CONFORME NORMAS DA ABNT RESPECTIVA",auto,0.75,auto
018172_36_2025_8_15_SEI_018172_36.2025.8.15.zip,[02]-0283688_Anexo.pdf,"LAUDO DE AVALIAÇÃO DE IMÓVEL URBANO, CONFORME NORMAS DA ABNT RESPECTIVA",Perito Engenheiro Civil – alcimarfraga702@gmail.com,"outputs/laudos_por_especie/LAUDO DE AVALIAÇÃO DE IMÓVEL URBANO, CONFORME NORMAS DA ABNT RESPECTIVA/018172_36_2025_8_15_SEI_018172_36.2025.8.15.zip/[02]-0283688_Anexo.pdf",,"LAUDO DE AVALIAÇÃO DE IMÓVEL URBANO, CONFORME NORMAS DA ABNT RESPECTIVA","LAUDO DE AVALIAÇÃO DE IMÓVEL URBANO, CONFORME NORMAS DA ABNT RESPECTIVA",auto,0.75,auto
018172_36_2025_8_15_SEI_018172_36.2025.8.15.zip,[09]-0287960_Anexo.pdf,"LAUDO DE AVALIAÇÃO DE IMÓVEL URBANO, CONFORME NORMAS DA ABNT RESPECTIVA",Perito Engenheiro Civil – alcimarfraga702@gmail.com,"outputs/laudos_por_especie/LAUDO DE AVALIAÇÃO DE IMÓVEL URBANO, CONFORME NORMAS DA ABNT RESPECTIVA/018172_36_2025_8_15_SEI_018172_36.2025.8.15.zip/[09]-0287960_Anexo.pdf",,"LAUDO DE AVALIAÇÃO DE IMÓVEL URBANO, CONFORME NORMAS DA ABNT RESPECTIVA","LAUDO DE AVALIAÇÃO DE IMÓVEL URBANO, CONFORME NORMAS DA ABNT RESPECTIVA",auto,0.75,auto
019218_71_2025_8_15_SEI_019218_71.2025.8.15.zip,[05]-0309219_Anexo.pdf,LAUDO PSICOLÓGICO,Psicóloga Clínica,outputs/laudos_por_especie/LAUDO PSICOLÓGICO/019218_71_2025_8_15_SEI_019218_71.2025.8.15.zip/[05]-0309219_Anexo.pdf,,LAUDO PSICOLÓGICO,LAUDO PSICOLÓGICO,auto,0.75,auto
018375_21_2025_8_15_SEI_018375_21.2025.8.15.zip,[02]-0286050_Anexo.pdf,LAUDO GRAFOTÉCNICO,Grafotécnica,outputs/laudos_por_especie/LAUDO GRAFOTÉCNICO/018375_21_2025_8_15_SEI_018375_21.2025.8.15.zip/[02]-0286050_Anexo.pdf,,LAUDO GRAFOTÉCNICO,LAUDO GRAFOTÉCNICO,auto,0.75,auto
019206_91_2025_8_15_SEI_019206_91.2025.8.15.zip,[01]-0295893_Anexo_01.pdf,"LAUDO DE AVALIAÇÃO DE IMÓVEL URBANO, CONFORME NORMAS DA ABNT RESPECTIVA",Engenheiro Civil e de Segurança do Trabalho,"outputs/laudos_por_especie/LAUDO DE AVALIAÇÃO DE IMÓVEL URBANO, CONFORME NORMAS DA ABNT RESPECTIVA/019206_91_2025_8_15_SEI_019206_91.2025.8.15.zip/[01]-0295893_Anexo_01.pdf",,"LAUDO DE AVALIAÇÃO DE IMÓVEL URBANO, CONFORME NORMAS DA ABNT RESPECTIVA","LAUDO DE AVALIAÇÃO DE IMÓVEL URBANO, CONFORME NORMAS DA ABNT RESPECTIVA",auto,0.75,auto
019206_91_2025_8_15_SEI_019206_91.2025.8.15.zip,[10]-0303127_Anexo.pdf,"LAUDO DE AVALIAÇÃO DE IMÓVEL URBANO, CONFORME NORMAS DA ABNT RESPECTIVA",Engenheiro Civil e de Segurança do Trabalho,"outputs/laudos_por_especie/LAUDO DE AVALIAÇÃO DE IMÓVEL URBANO, CONFORME NORMAS DA ABNT RESPECTIVA/019206_91_2025_8_15_SEI_019206_91.2025.8.15.zip/[10]-0303127_Anexo.pdf",,"LAUDO DE AVALIAÇÃO DE IMÓVEL URBANO, CONFORME NORMAS DA ABNT RESPECTIVA","LAUDO DE AVALIAÇÃO DE IMÓVEL URBANO, CONFORME NORMAS DA ABNT RESPECTIVA",auto,0.75,auto
019341_60_2025_8_15_SEI_019341_60.2025.8.15.zip,[09]-0303099_Anexo.pdf,LAUDO PSICOLÓGICO,Entrevistadora Forense Psicóloga,outputs/laudos_por_especie/LAUDO PSICOLÓGICO/019341_60_2025_8_15_SEI_019341_60.2025.8.15.zip/[09]-0303099_Anexo.pdf,,LAUDO PSICOLÓGICO,LAUDO PSICOLÓGICO,auto,0.75,auto
019342_26_2025_8_15_SEI_019342_26.2025.8.15.zip,[09]-0303073_Anexo.pdf,LAUDO PSICOLÓGICO,Entrevistadora Forense Psicóloga,outputs/laudos_por_especie/LAUDO PSICOLÓGICO/019342_26_2025_8_15_SEI_019342_26.2025.8.15.zip/[09]-0303073_Anexo.pdf,,LAUDO PSICOLÓGICO,LAUDO PSICOLÓGICO,auto,0.75,auto
019337_02_2025_8_15_SEI_019337_02.2025.8.15.zip,[09]-0303087_Anexo.pdf,LAUDO PSICOLÓGICO,Entrevistadora Forense – Psicólogo,outputs/laudos_por_especie/LAUDO PSICOLÓGICO/019337_02_2025_8_15_SEI_019337_02.2025.8.15.zip/[09]-0303087_Anexo.pdf,,LAUDO PSICOLÓGICO,LAUDO PSICOLÓGICO,auto,0.75,auto
019316_37_2025_8_15_SEI_019316_37.2025.8.15.zip,[7]-0302533_Anexo.pdf,LAUDO PSICOLÓGICO,Entrevistadora Forense – Psicóloga,outputs/laudos_por_especie/LAUDO PSICOLÓGICO/019316_37_2025_8_15_SEI_019316_37.2025.8.15.zip/[7]-0302533_Anexo.pdf,,LAUDO PSICOLÓGICO,LAUDO PSICOLÓGICO,auto,0.75,auto
011157_23_2025_8_15_SEI_011157_23.2025.8.15.zip,[04]-0195211_Anexo.pdf,LAUDO GRAFOTÉCNICO,Grafocopista,outputs/laudos_por_especie/LAUDO GRAFOTÉCNICO/011157_23_2025_8_15_SEI_011157_23.2025.8.15.zip/[04]-0195211_Anexo.pdf,,LAUDO GRAFOTÉCNICO,LAUDO GRAFOTÉCNICO,auto,0.75,auto
019346_84_2025_8_15_SEI_019346_84.2025.8.15.zip,[08]-0303057_Anexo.pdf,LAUDO PSICOLÓGICO,Entrevistadora Forense Psicóloga,outputs/laudos_por_especie/LAUDO PSICOLÓGICO/019346_84_2025_8_15_SEI_019346_84.2025.8.15.zip/[08]-0303057_Anexo.pdf,,LAUDO PSICOLÓGICO,LAUDO PSICOLÓGICO,auto,0.75,auto
019406_81_2025_8_15_SEI_019406_81.2025.8.15.zip,[3]-0299063_Anexo.pdf,"LAUDO DE AVALIAÇÃO DE IMÓVEL URBANO, CONFORME NORMAS DA ABNT RESPECTIVA",Perito Engenheiro,"outputs/laudos_por_especie/LAUDO DE AVALIAÇÃO DE IMÓVEL URBANO, CONFORME NORMAS DA ABNT RESPECTIVA/019406_81_2025_8_15_SEI_019406_81.2025.8.15.zip/[3]-0299063_Anexo.pdf",,"LAUDO DE AVALIAÇÃO DE IMÓVEL URBANO, CONFORME NORMAS DA ABNT RESPECTIVA","LAUDO DE AVALIAÇÃO DE IMÓVEL URBANO, CONFORME NORMAS DA ABNT RESPECTIVA",auto,0.75,auto
019406_81_2025_8_15_SEI_019406_81.2025.8.15.zip,[8]-0302180_Anexo.pdf,"LAUDO DE AVALIAÇÃO DE IMÓVEL URBANO, CONFORME NORMAS DA ABNT RESPECTIVA",Perito Engenheiro,"outputs/laudos_por_especie/LAUDO DE AVALIAÇÃO DE IMÓVEL URBANO, CONFORME NORMAS DA ABNT RESPECTIVA/019406_81_2025_8_15_SEI_019406_81.2025.8.15.zip/[8]-0302180_Anexo.pdf",,"LAUDO DE AVALIAÇÃO DE IMÓVEL URBANO, CONFORME NORMAS DA ABNT RESPECTIVA","LAUDO DE AVALIAÇÃO DE IMÓVEL URBANO, CONFORME NORMAS DA ABNT RESPECTIVA",auto,0.75,auto
019423_85_2025_8_15_SEI_019423_85.2025.8.15.zip,[7]-0303023_Anexo.pdf,LAUDO PSICOLÓGICO,Entrevistadora Forense Psicóloga – fernanda_farias13@hotmail.com,outputs/laudos_por_especie/LAUDO PSICOLÓGICO/019423_85_2025_8_15_SEI_019423_85.2025.8.15.zip/[7]-0303023_Anexo.pdf,,LAUDO PSICOLÓGICO,LAUDO PSICOLÓGICO,auto,0.75,auto
019419_27_2025_8_15_SEI_019419_27.2025.8.15.zip,[7]-0303032_Anexo.pdf,LAUDO PSICOLÓGICO,Entrevistadora Forense Psicóloga,outputs/laudos_por_especie/LAUDO PSICOLÓGICO/019419_27_2025_8_15_SEI_019419_27.2025.8.15.zip/[7]-0303032_Anexo.pdf,,LAUDO PSICOLÓGICO,LAUDO PSICOLÓGICO,auto,0.75,auto
019523_80_2025_8_15_SEI_019523_80.2025.8.15.zip,[04]-0300087_Anexo.pdf,,Perito Médico – mariomarcio.chaves@hotmail.com,outputs/laudos_por_especie/SEM_ESPECIE/019523_80_2025_8_15_SEI_019523_80.2025.8.15.zip/[04]-0300087_Anexo.pdf,,SEM_ESPECIE,SEM_ESPECIE,sem_match,0.05,sem_especie
019523_80_2025_8_15_SEI_019523_80.2025.8.15.zip,[05]-0300092_Anexo.pdf,,Perito Médico – mariomarcio.chaves@hotmail.com,outputs/laudos_por_especie/SEM_ESPECIE/019523_80_2025_8_15_SEI_019523_80.2025.8.15.zip/[05]-0300092_Anexo.pdf,,SEM_ESPECIE,LAUDO MÉDICO / DNA,texto,0.85,texto
019523_80_2025_8_15_SEI_019523_80.2025.8.15.zip,[13]-0304222_Anexo.pdf,,Perito Médico – mariomarcio.chaves@hotmail.com,outputs/laudos_por_especie/SEM_ESPECIE/019523_80_2025_8_15_SEI_019523_80.2025.8.15.zip/[13]-0304222_Anexo.pdf,,SEM_ESPECIE,SEM_ESPECIE,sem_match,0.05,sem_especie
019523_80_2025_8_15_SEI_019523_80.2025.8.15.zip,[03]-0300081_Anexo.pdf,,Perito Médico – mariomarcio.chaves@hotmail.com,outputs/laudos_por_especie/SEM_ESPECIE/019523_80_2025_8_15_SEI_019523_80.2025.8.15.zip/[03]-0300081_Anexo.pdf,,SEM_ESPECIE,SEM_ESPECIE,sem_match,0.05,sem_especie
019525_12_2025_8_15_SEI_019525_12.2025.8.15.zip,[05]-0300116_Anexo_4.pdf,LAUDO GRAFOTÉCNICO,Perito Grafocopista,outputs/laudos_por_especie/LAUDO GRAFOTÉCNICO/019525_12_2025_8_15_SEI_019525_12.2025.8.15.zip/[05]-0300116_Anexo_4.pdf,,LAUDO GRAFOTÉCNICO,LAUDO GRAFOTÉCNICO,auto,0.75,auto
019525_12_2025_8_15_SEI_019525_12.2025.8.15.zip,[13]-0302935_Anexo.pdf,LAUDO GRAFOTÉCNICO,Perito Grafocopista,outputs/laudos_por_especie/LAUDO GRAFOTÉCNICO/019525_12_2025_8_15_SEI_019525_12.2025.8.15.zip/[13]-0302935_Anexo.pdf,,LAUDO GRAFOTÉCNICO,LAUDO GRAFOTÉCNICO,auto,0.75,auto
019525_12_2025_8_15_SEI_019525_12.2025.8.15.zip,[12]-0302933_Anexo.pdf,LAUDO GRAFOTÉCNICO,Perito Grafocopista,outputs/laudos_por_especie/LAUDO GRAFOTÉCNICO/019525_12_2025_8_15_SEI_019525_12.2025.8.15.zip/[12]-0302933_Anexo.pdf,,LAUDO GRAFOTÉCNICO,LAUDO GRAFOTÉCNICO,auto,0.75,auto
019540_84_2025_8_15_SEI_019540_84.2025.8.15.zip,[2]-0300284_Anexo_01.pdf,LAUDO PSICOLÓGICO,Entrevistador Forense Psicóloga,outputs/laudos_por_especie/LAUDO PSICOLÓGICO/019540_84_2025_8_15_SEI_019540_84.2025.8.15.zip/[2]-0300284_Anexo_01.pdf,,LAUDO PSICOLÓGICO,LAUDO PSICOLÓGICO,auto,0.75,auto
019534_94_2025_8_15_SEI_019534_94.2025.8.15.zip,[04]-0300230_Anexo.pdf,LAUDO GRAFOTÉCNICO,Grafotécnico,outputs/laudos_por_especie/LAUDO GRAFOTÉCNICO/019534_94_2025_8_15_SEI_019534_94.2025.8.15.zip/[04]-0300230_Anexo.pdf,,LAUDO GRAFOTÉCNICO,LAUDO GRAFOTÉCNICO,auto,0.75,auto
019534_94_2025_8_15_SEI_019534_94.2025.8.15.zip,[13]-0304200_Anexo.pdf,LAUDO GRAFOTÉCNICO,Grafotécnico,outputs/laudos_por_especie/LAUDO GRAFOTÉCNICO/019534_94_2025_8_15_SEI_019534_94.2025.8.15.zip/[13]-0304200_Anexo.pdf,,LAUDO GRAFOTÉCNICO,LAUDO GRAFOTÉCNICO,auto,0.75,auto
019648_98_2025_8_15_SEI_019648_98.2025.8.15.zip,[2]-0302092_Anexo.pdf,,Interessado:,outputs/laudos_por_especie/SEM_ESPECIE/019648_98_2025_8_15_SEI_019648_98.2025.8.15.zip/[2]-0302092_Anexo.pdf,,SEM_ESPECIE,LAUDO PSICOLÓGICO,conselho:crp,0.95,conselho
019535_60_2025_8_15_SEI_019535_60.2025.8.15.zip,[04]-0303502_Anexo.pdf,LAUDO PSICOLÓGICO,Entrevistador Forense Psicóloga,outputs/laudos_por_especie/LAUDO PSICOLÓGICO/019535_60_2025_8_15_SEI_019535_60.2025.8.15.zip/[04]-0303502_Anexo.pdf,,LAUDO PSICOLÓGICO,LAUDO PSICOLÓGICO,auto,0.75,auto
019608_03_2025_8_15_SEI_019608_03.2025.8.15.zip,[04]-0302543_Anexo.pdf,,Perita contadora,outputs/laudos_por_especie/SEM_ESPECIE/019608_03_2025_8_15_SEI_019608_03.2025.8.15.zip/[04]-0302543_Anexo.pdf,,SEM_ESPECIE,LAUDO PSICOLÓGICO,conselho:crp,0.95,conselho
019608_03_2025_8_15_SEI_019608_03.2025.8.15.zip,[03]-0301480_Anexo.pdf,,Perita contadora,outputs/laudos_por_especie/SEM_ESPECIE/019608_03_2025_8_15_SEI_019608_03.2025.8.15.zip/[03]-0301480_Anexo.pdf,,SEM_ESPECIE,LAUDO MÉDICO / DNA,texto,0.85,texto
019608_03_2025_8_15_SEI_019608_03.2025.8.15.zip,[05]-0302545_Anexo.pdf,,Perita contadora,outputs/laudos_por_especie/SEM_ESPECIE/019608_03_2025_8_15_SEI_019608_03.2025.8.15.zip/[05]-0302545_Anexo.pdf,,SEM_ESPECIE,SEM_ESPECIE,sem_match,0.05,sem_especie
015045_42_2025_8_15_SEI_015045_42.2025.8.15.zip,[03]-0243622_Anexo.pdf,"LAUDO DE AVALIAÇÃO DE IMÓVEL URBANO, CONFORME NORMAS DA ABNT RESPECTIVA",Engenheira Eletricista,"outputs/laudos_por_especie/LAUDO DE AVALIAÇÃO DE IMÓVEL URBANO, CONFORME NORMAS DA ABNT RESPECTIVA/015045_42_2025_8_15_SEI_015045_42.2025.8.15.zip/[03]-0243622_Anexo.pdf",,"LAUDO DE AVALIAÇÃO DE IMÓVEL URBANO, CONFORME NORMAS DA ABNT RESPECTIVA","LAUDO DE AVALIAÇÃO DE IMÓVEL URBANO, CONFORME NORMAS DA ABNT RESPECTIVA",auto,0.75,auto
019720_75_2025_8_15_SEI_019720_75.2025.8.15.zip,[12]-0311949_Anexo.pdf,LAUDO PSICOLÓGICO,Entrevistadora Forense Psicóloga,outputs/laudos_por_especie/LAUDO PSICOLÓGICO/019720_75_2025_8_15_SEI_019720_75.2025.8.15.zip/[12]-0311949_Anexo.pdf,,LAUDO PSICOLÓGICO,LAUDO PSICOLÓGICO,auto,0.75,auto
019830_21_2025_8_15_SEI_019830_21.2025.8.15.zip,[06]-0308491_Anexo.pdf,LAUDO GRAFOTÉCNICO,Perito Grafocopista,outputs/laudos_por_especie/LAUDO GRAFOTÉCNICO/019830_21_2025_8_15_SEI_019830_21.2025.8.15.zip/[06]-0308491_Anexo.pdf,,LAUDO GRAFOTÉCNICO,LAUDO GRAFOTÉCNICO,auto,0.75,auto
019830_21_2025_8_15_SEI_019830_21.2025.8.15.zip,[05]-0308488_Anexo.pdf,LAUDO GRAFOTÉCNICO,Perito Grafocopista,outputs/laudos_por_especie/LAUDO GRAFOTÉCNICO/019830_21_2025_8_15_SEI_019830_21.2025.8.15.zip/[05]-0308488_Anexo.pdf,,LAUDO GRAFOTÉCNICO,LAUDO GRAFOTÉCNICO,auto,0.75,auto
019830_21_2025_8_15_SEI_019830_21.2025.8.15.zip,[11]-0310830_Anexo.pdf,LAUDO GRAFOTÉCNICO,Perito Grafocopista,outputs/laudos_por_especie/LAUDO GRAFOTÉCNICO/019830_21_2025_8_15_SEI_019830_21.2025.8.15.zip/[11]-0310830_Anexo.pdf,,LAUDO GRAFOTÉCNICO,LAUDO GRAFOTÉCNICO,auto,0.75,auto
019753_20_2025_8_15_SEI_019753_20.2025.8.15.zip,[04]-0303437_Anexo.pdf,,Médico Psiquiátrico,outputs/laudos_por_especie/SEM_ESPECIE/019753_20_2025_8_15_SEI_019753_20.2025.8.15.zip/[04]-0303437_Anexo.pdf,,SEM_ESPECIE,SEM_ESPECIE,sem_match,0.05,sem_especie
019753_20_2025_8_15_SEI_019753_20.2025.8.15.zip,[06]-0303443_Anexo.pdf,,Médico Psiquiátrico,outputs/laudos_por_especie/SEM_ESPECIE/019753_20_2025_8_15_SEI_019753_20.2025.8.15.zip/[06]-0303443_Anexo.pdf,,SEM_ESPECIE,LAUDO MÉDICO / DNA,texto,0.85,texto
019753_20_2025_8_15_SEI_019753_20.2025.8.15.zip,[13]-0304209_Anexo.pdf,,Médico Psiquiátrico,outputs/laudos_por_especie/SEM_ESPECIE/019753_20_2025_8_15_SEI_019753_20.2025.8.15.zip/[13]-0304209_Anexo.pdf,,SEM_ESPECIE,SEM_ESPECIE,sem_match,0.05,sem_especie
019731_89_2025_8_15_SEI_019731_89.2025.8.15.zip,[12]-0304974_Anexo.pdf,LAUDO PSICOLÓGICO,Interessada: Fernanda de Araújo Farias,outputs/laudos_por_especie/LAUDO PSICOLÓGICO/019731_89_2025_8_15_SEI_019731_89.2025.8.15.zip/[12]-0304974_Anexo.pdf,,LAUDO PSICOLÓGICO,LAUDO PSICOLÓGICO,auto,0.75,auto
019723_70_2025_8_15_SEI_019723_70.2025.8.15.zip,[12]-0308611_Anexo.pdf,LAUDO PSICOLÓGICO,Entrevistadora Forense Psicóloga,outputs/laudos_por_especie/LAUDO PSICOLÓGICO/019723_70_2025_8_15_SEI_019723_70.2025.8.15.zip/[12]-0308611_Anexo.pdf,,LAUDO PSICOLÓGICO,LAUDO PSICOLÓGICO,auto,0.75,auto
019583_77_2025_8_15_SEI_019583_77.2025.8.15.zip,[09]-0302283_Anexo.pdf,,Instituto Nacional do Seguro Social,outputs/laudos_por_especie/SEM_ESPECIE/019583_77_2025_8_15_SEI_019583_77.2025.8.15.zip/[09]-0302283_Anexo.pdf,,SEM_ESPECIE,SEM_ESPECIE,sem_match,0.05,sem_especie
019824_31_2025_8_15_SEI_019824_31.2025.8.15.zip,[17]-0321883_Anexo.pdf,LAUDO PSICOLÓGICO,"SIGHOP, é possível constatar que o cadastro da Entrevistadora Forense Psicóloga, Fernanda de Araújo Farias, CPF 055.325.034",outputs/laudos_por_especie/LAUDO PSICOLÓGICO/019824_31_2025_8_15_SEI_019824_31.2025.8.15.zip/[17]-0321883_Anexo.pdf,,LAUDO PSICOLÓGICO,LAUDO PSICOLÓGICO,auto,0.75,auto
019718_46_2025_8_15_SEI_019718_46.2025.8.15.zip,[03]-0303322_Anexo.pdf,,Interessado:,outputs/laudos_por_especie/SEM_ESPECIE/019718_46_2025_8_15_SEI_019718_46.2025.8.15.zip/[03]-0303322_Anexo.pdf,,SEM_ESPECIE,LAUDO MÉDICO / DNA,texto,0.85,texto
019718_46_2025_8_15_SEI_019718_46.2025.8.15.zip,[04]-0303323_Anexo.pdf,,Interessado:,outputs/laudos_por_especie/SEM_ESPECIE/019718_46_2025_8_15_SEI_019718_46.2025.8.15.zip/[04]-0303323_Anexo.pdf,,SEM_ESPECIE,LAUDO MÉDICO / DNA,texto,0.85,texto
019827_26_2025_8_15_SEI_019827_26.2025.8.15.zip,[03]-0304529_Anexo.pdf,LAUDO PSICOLÓGICO,Entrevistadora Forense Psicóloga,outputs/laudos_por_especie/LAUDO PSICOLÓGICO/019827_26_2025_8_15_SEI_019827_26.2025.8.15.zip/[03]-0304529_Anexo.pdf,,LAUDO PSICOLÓGICO,LAUDO PSICOLÓGICO,auto,0.75,auto
019827_26_2025_8_15_SEI_019827_26.2025.8.15.zip,[15]-0308562_Anexo.pdf,LAUDO PSICOLÓGICO,Entrevistadora Forense Psicóloga,outputs/laudos_por_especie/LAUDO PSICOLÓGICO/019827_26_2025_8_15_SEI_019827_26.2025.8.15.zip/[15]-0308562_Anexo.pdf,,LAUDO PSICOLÓGICO,LAUDO PSICOLÓGICO,auto,0.75,auto
019393_38_2025_8_15_SEI_019393_38.2025.8.15.zip,[03]-0298952_Anexo.pdf,"LAUDO DE AVALIAÇÃO DE IMÓVEL URBANO, CONFORME NORMAS DA ABNT RESPECTIVA",Engenheiro,"outputs/laudos_por_especie/LAUDO DE AVALIAÇÃO DE IMÓVEL URBANO, CONFORME NORMAS DA ABNT RESPECTIVA/019393_38_2025_8_15_SEI_019393_38.2025.8.15.zip/[03]-0298952_Anexo.pdf",,"LAUDO DE AVALIAÇÃO DE IMÓVEL URBANO, CONFORME NORMAS DA ABNT RESPECTIVA","LAUDO DE AVALIAÇÃO DE IMÓVEL URBANO, CONFORME NORMAS DA ABNT RESPECTIVA",auto,0.75,auto
020013_07_2025_8_15_SEI_020013_07.2025.8.15.zip,[11]-0312012_Anexo.pdf,LAUDO PSICOLÓGICO,Entrevistadora Forense – Psicóloga,outputs/laudos_por_especie/LAUDO PSICOLÓGICO/020013_07_2025_8_15_SEI_020013_07.2025.8.15.zip/[11]-0312012_Anexo.pdf,,LAUDO PSICOLÓGICO,LAUDO PSICOLÓGICO,auto,0.75,auto
019912_46_2025_8_15_SEI_019912_46.2025.8.15.zip,[09]-0307485_Anexo.pdf,LAUDO PSICOLÓGICO,Psicóloga,outputs/laudos_por_especie/LAUDO PSICOLÓGICO/019912_46_2025_8_15_SEI_019912_46.2025.8.15.zip/[09]-0307485_Anexo.pdf,,LAUDO PSICOLÓGICO,LAUDO PSICOLÓGICO,auto,0.75,auto
020074_67_2025_8_15_SEI_020074_67.2025.8.15.zip,[01]-0308280_Requerimento.html,LAUDO GRAFOTÉCNICO,Perito Grafocopista,outputs/laudos_por_especie/LAUDO GRAFOTÉCNICO/020074_67_2025_8_15_SEI_020074_67.2025.8.15.zip/[01]-0308280_Requerimento.html,,LAUDO GRAFOTÉCNICO,LAUDO GRAFOTÉCNICO,auto,0.75,auto
020074_67_2025_8_15_SEI_020074_67.2025.8.15.zip,[05]-0314163_Anexo.pdf,LAUDO GRAFOTÉCNICO,Perito Grafocopista,outputs/laudos_por_especie/LAUDO GRAFOTÉCNICO/020074_67_2025_8_15_SEI_020074_67.2025.8.15.zip/[05]-0314163_Anexo.pdf,,LAUDO GRAFOTÉCNICO,LAUDO GRAFOTÉCNICO,auto,0.75,auto
020074_67_2025_8_15_SEI_020074_67.2025.8.15.zip,[03]-0308307_Certidao.html,LAUDO GRAFOTÉCNICO,Perito Grafocopista,outputs/laudos_por_especie/LAUDO GRAFOTÉCNICO/020074_67_2025_8_15_SEI_020074_67.2025.8.15.zip/[03]-0308307_Certidao.html,,LAUDO GRAFOTÉCNICO,LAUDO GRAFOTÉCNICO,auto,0.75,auto
020074_67_2025_8_15_SEI_020074_67.2025.8.15.zip,[10]-0325025_Anexo.pdf,LAUDO GRAFOTÉCNICO,Perito Grafocopista,outputs/laudos_por_especie/LAUDO GRAFOTÉCNICO/020074_67_2025_8_15_SEI_020074_67.2025.8.15.zip/[10]-0325025_Anexo.pdf,,LAUDO GRAFOTÉCNICO,LAUDO GRAFOTÉCNICO,auto,0.75,auto
020075_33_2025_8_15_SEI_020075_33.2025.8.15.zip,[01]-0308282_Requerimento.html,LAUDO GRAFOTÉCNICO,Perito Grafocopista,outputs/laudos_por_especie/LAUDO GRAFOTÉCNICO/020075_33_2025_8_15_SEI_020075_33.2025.8.15.zip/[01]-0308282_Requerimento.html,,LAUDO GRAFOTÉCNICO,LAUDO GRAFOTÉCNICO,auto,0.75,auto
020075_33_2025_8_15_SEI_020075_33.2025.8.15.zip,[05]-0314228_Anexo.pdf,LAUDO GRAFOTÉCNICO,Perito Grafocopista,outputs/laudos_por_especie/LAUDO GRAFOTÉCNICO/020075_33_2025_8_15_SEI_020075_33.2025.8.15.zip/[05]-0314228_Anexo.pdf,,LAUDO GRAFOTÉCNICO,LAUDO GRAFOTÉCNICO,auto,0.75,auto
020075_33_2025_8_15_SEI_020075_33.2025.8.15.zip,[04]-0314227_Anexo.pdf,LAUDO GRAFOTÉCNICO,Perito Grafocopista,outputs/laudos_por_especie/LAUDO GRAFOTÉCNICO/020075_33_2025_8_15_SEI_020075_33.2025.8.15.zip/[04]-0314227_Anexo.pdf,,LAUDO GRAFOTÉCNICO,LAUDO GRAFOTÉCNICO,auto,0.75,auto
020075_33_2025_8_15_SEI_020075_33.2025.8.15.zip,[03]-0308306_Certidao.html,LAUDO GRAFOTÉCNICO,Perito Grafocopista,outputs/laudos_por_especie/LAUDO GRAFOTÉCNICO/020075_33_2025_8_15_SEI_020075_33.2025.8.15.zip/[03]-0308306_Certidao.html,,LAUDO GRAFOTÉCNICO,LAUDO GRAFOTÉCNICO,auto,0.75,auto
020075_33_2025_8_15_SEI_020075_33.2025.8.15.zip,[10]-0324991_Anexo.pdf,LAUDO GRAFOTÉCNICO,Perito Grafocopista,outputs/laudos_por_especie/LAUDO GRAFOTÉCNICO/020075_33_2025_8_15_SEI_020075_33.2025.8.15.zip/[10]-0324991_Anexo.pdf,,LAUDO GRAFOTÉCNICO,LAUDO GRAFOTÉCNICO,auto,0.75,auto
019970_14_2025_8_15_SEI_019970_14.2025.8.15.zip,[15]-0329753_Anexo.pdf,LAUDO PSICOLÓGICO,Entrevistadora Forense,outputs/laudos_por_especie/LAUDO PSICOLÓGICO/019970_14_2025_8_15_SEI_019970_14.2025.8.15.zip/[15]-0329753_Anexo.pdf,,LAUDO PSICOLÓGICO,LAUDO PSICOLÓGICO,auto,0.75,auto
020076_96_2025_8_15_SEI_020076_96.2025.8.15.zip,[01]-0308288_Requerimento.html,LAUDO GRAFOTÉCNICO,Perito Grafocopista,outputs/laudos_por_especie/LAUDO GRAFOTÉCNICO/020076_96_2025_8_15_SEI_020076_96.2025.8.15.zip/[01]-0308288_Requerimento.html,,LAUDO GRAFOTÉCNICO,LAUDO GRAFOTÉCNICO,auto,0.75,auto
020076_96_2025_8_15_SEI_020076_96.2025.8.15.zip,[05]-0314264_Anexo.pdf,LAUDO GRAFOTÉCNICO,Perito Grafocopista,outputs/laudos_por_especie/LAUDO GRAFOTÉCNICO/020076_96_2025_8_15_SEI_020076_96.2025.8.15.zip/[05]-0314264_Anexo.pdf,,LAUDO GRAFOTÉCNICO,LAUDO GRAFOTÉCNICO,auto,0.75,auto
020076_96_2025_8_15_SEI_020076_96.2025.8.15.zip,[03]-0308305_Certidao.html,LAUDO GRAFOTÉCNICO,Perito Grafocopista,outputs/laudos_por_especie/LAUDO GRAFOTÉCNICO/020076_96_2025_8_15_SEI_020076_96.2025.8.15.zip/[03]-0308305_Certidao.html,,LAUDO GRAFOTÉCNICO,LAUDO GRAFOTÉCNICO,auto,0.75,auto
020076_96_2025_8_15_SEI_020076_96.2025.8.15.zip,[10]-0324943_Anexo.pdf,LAUDO GRAFOTÉCNICO,Perito Grafocopista,outputs/laudos_por_especie/LAUDO GRAFOTÉCNICO/020076_96_2025_8_15_SEI_020076_96.2025.8.15.zip/[10]-0324943_Anexo.pdf,,LAUDO GRAFOTÉCNICO,LAUDO GRAFOTÉCNICO,auto,0.75,auto
020077_62_2025_8_15_SEI_020077_62.2025.8.15.zip,[01]-0308291_Requerimento.html,LAUDO GRAFOTÉCNICO,Perito Grafocopista,outputs/laudos_por_especie/LAUDO GRAFOTÉCNICO/020077_62_2025_8_15_SEI_020077_62.2025.8.15.zip/[01]-0308291_Requerimento.html,,LAUDO GRAFOTÉCNICO,LAUDO GRAFOTÉCNICO,auto,0.75,auto
020077_62_2025_8_15_SEI_020077_62.2025.8.15.zip,[05]-0314321_Anexo.pdf,LAUDO GRAFOTÉCNICO,Perito Grafocopista,outputs/laudos_por_especie/LAUDO GRAFOTÉCNICO/020077_62_2025_8_15_SEI_020077_62.2025.8.15.zip/[05]-0314321_Anexo.pdf,,LAUDO GRAFOTÉCNICO,LAUDO GRAFOTÉCNICO,auto,0.75,auto
020077_62_2025_8_15_SEI_020077_62.2025.8.15.zip,[04]-0314319_Anexo.pdf,LAUDO GRAFOTÉCNICO,Perito Grafocopista,outputs/laudos_por_especie/LAUDO GRAFOTÉCNICO/020077_62_2025_8_15_SEI_020077_62.2025.8.15.zip/[04]-0314319_Anexo.pdf,,LAUDO GRAFOTÉCNICO,LAUDO GRAFOTÉCNICO,auto,0.75,auto
020077_62_2025_8_15_SEI_020077_62.2025.8.15.zip,[03]-0308304_Certidao.html,LAUDO GRAFOTÉCNICO,Perito Grafocopista,outputs/laudos_por_especie/LAUDO GRAFOTÉCNICO/020077_62_2025_8_15_SEI_020077_62.2025.8.15.zip/[03]-0308304_Certidao.html,,LAUDO GRAFOTÉCNICO,LAUDO GRAFOTÉCNICO,auto,0.75,auto
020077_62_2025_8_15_SEI_020077_62.2025.8.15.zip,[10]-0315768_Anexo.pdf,LAUDO GRAFOTÉCNICO,Perito Grafocopista,outputs/laudos_por_especie/LAUDO GRAFOTÉCNICO/020077_62_2025_8_15_SEI_020077_62.2025.8.15.zip/[10]-0315768_Anexo.pdf,,LAUDO GRAFOTÉCNICO,LAUDO GRAFOTÉCNICO,auto,0.75,auto
020072_38_2025_8_15_SEI_020072_38.2025.8.15.zip,[01]-0308275_Requerimento.html,LAUDO GRAFOTÉCNICO,Perito Grafocopista,outputs/laudos_por_especie/LAUDO GRAFOTÉCNICO/020072_38_2025_8_15_SEI_020072_38.2025.8.15.zip/[01]-0308275_Requerimento.html,,LAUDO GRAFOTÉCNICO,LAUDO GRAFOTÉCNICO,auto,0.75,auto
020072_38_2025_8_15_SEI_020072_38.2025.8.15.zip,[05]-0314194_Anexo.pdf,LAUDO GRAFOTÉCNICO,Perito Grafocopista,outputs/laudos_por_especie/LAUDO GRAFOTÉCNICO/020072_38_2025_8_15_SEI_020072_38.2025.8.15.zip/[05]-0314194_Anexo.pdf,,LAUDO GRAFOTÉCNICO,LAUDO GRAFOTÉCNICO,auto,0.75,auto
020072_38_2025_8_15_SEI_020072_38.2025.8.15.zip,[04]-0314193_Anexo.pdf,LAUDO GRAFOTÉCNICO,Perito Grafocopista,outputs/laudos_por_especie/LAUDO GRAFOTÉCNICO/020072_38_2025_8_15_SEI_020072_38.2025.8.15.zip/[04]-0314193_Anexo.pdf,,LAUDO GRAFOTÉCNICO,LAUDO GRAFOTÉCNICO,auto,0.75,auto
020072_38_2025_8_15_SEI_020072_38.2025.8.15.zip,[03]-0308310_Certidao.html,LAUDO GRAFOTÉCNICO,Perito Grafocopista,outputs/laudos_por_especie/LAUDO GRAFOTÉCNICO/020072_38_2025_8_15_SEI_020072_38.2025.8.15.zip/[03]-0308310_Certidao.html,,LAUDO GRAFOTÉCNICO,LAUDO GRAFOTÉCNICO,auto,0.75,auto
020072_38_2025_8_15_SEI_020072_38.2025.8.15.zip,[11]-0325657_Anexo.pdf,LAUDO GRAFOTÉCNICO,Perito Grafocopista,outputs/laudos_por_especie/LAUDO GRAFOTÉCNICO/020072_38_2025_8_15_SEI_020072_38.2025.8.15.zip/[11]-0325657_Anexo.pdf,,LAUDO GRAFOTÉCNICO,LAUDO GRAFOTÉCNICO,auto,0.75,auto
020227_06_2025_8_15_SEI_020227_06.2025.8.15.zip,[07]-0310713_Anexo.pdf,"LAUDO DE AVALIAÇÃO DE IMÓVEL URBANO, CONFORME NORMAS DA ABNT RESPECTIVA",Engenheiro Civil e de Segurança do Trabalho,"outputs/laudos_por_especie/LAUDO DE AVALIAÇÃO DE IMÓVEL URBANO, CONFORME NORMAS DA ABNT RESPECTIVA/020227_06_2025_8_15_SEI_020227_06.2025.8.15.zip/[07]-0310713_Anexo.pdf",,"LAUDO DE AVALIAÇÃO DE IMÓVEL URBANO, CONFORME NORMAS DA ABNT RESPECTIVA","LAUDO DE AVALIAÇÃO DE IMÓVEL URBANO, CONFORME NORMAS DA ABNT RESPECTIVA",auto,0.75,auto
020227_06_2025_8_15_SEI_020227_06.2025.8.15.zip,[04]-0309651_Anexo_2.pdf,"LAUDO DE AVALIAÇÃO DE IMÓVEL URBANO, CONFORME NORMAS DA ABNT RESPECTIVA",Engenheiro Civil e de Segurança do Trabalho,"outputs/laudos_por_especie/LAUDO DE AVALIAÇÃO DE IMÓVEL URBANO, CONFORME NORMAS DA ABNT RESPECTIVA/020227_06_2025_8_15_SEI_020227_06.2025.8.15.zip/[04]-0309651_Anexo_2.pdf",,"LAUDO DE AVALIAÇÃO DE IMÓVEL URBANO, CONFORME NORMAS DA ABNT RESPECTIVA","LAUDO DE AVALIAÇÃO DE IMÓVEL URBANO, CONFORME NORMAS DA ABNT RESPECTIVA",auto,0.75,auto
020227_06_2025_8_15_SEI_020227_06.2025.8.15.zip,[13]-0321287_Anexo.pdf,"LAUDO DE AVALIAÇÃO DE IMÓVEL URBANO, CONFORME NORMAS DA ABNT RESPECTIVA",Engenheiro Civil e de Segurança do Trabalho,"outputs/laudos_por_especie/LAUDO DE AVALIAÇÃO DE IMÓVEL URBANO, CONFORME NORMAS DA ABNT RESPECTIVA/020227_06_2025_8_15_SEI_020227_06.2025.8.15.zip/[13]-0321287_Anexo.pdf",,"LAUDO DE AVALIAÇÃO DE IMÓVEL URBANO, CONFORME NORMAS DA ABNT RESPECTIVA","LAUDO DE AVALIAÇÃO DE IMÓVEL URBANO, CONFORME NORMAS DA ABNT RESPECTIVA",auto,0.75,auto
020326_35_2025_8_15_SEI_020326_35.2025.8.15.zip,[04]-0310612_Anexo.pdf,,Médico Psiquiatra,outputs/laudos_por_especie/SEM_ESPECIE/020326_35_2025_8_15_SEI_020326_35.2025.8.15.zip/[04]-0310612_Anexo.pdf,,SEM_ESPECIE,SEM_ESPECIE,sem_match,0.05,sem_especie
020326_35_2025_8_15_SEI_020326_35.2025.8.15.zip,[05]-0310613_Anexo.pdf,,Médico Psiquiatra,outputs/laudos_por_especie/SEM_ESPECIE/020326_35_2025_8_15_SEI_020326_35.2025.8.15.zip/[05]-0310613_Anexo.pdf,,SEM_ESPECIE,LAUDO MÉDICO / DNA,texto,0.85,texto
020326_35_2025_8_15_SEI_020326_35.2025.8.15.zip,[13]-0311388_Anexo.pdf,,Médico Psiquiatra,outputs/laudos_por_especie/SEM_ESPECIE/020326_35_2025_8_15_SEI_020326_35.2025.8.15.zip/[13]-0311388_Anexo.pdf,,SEM_ESPECIE,SEM_ESPECIE,sem_match,0.05,sem_especie
020326_35_2025_8_15_SEI_020326_35.2025.8.15.zip,[03]-0310611_Anexo.pdf,,Médico Psiquiatra,outputs/laudos_por_especie/SEM_ESPECIE/020326_35_2025_8_15_SEI_020326_35.2025.8.15.zip/[03]-0310611_Anexo.pdf,,SEM_ESPECIE,SEM_ESPECIE,sem_match,0.05,sem_especie
020560_33_2025_8_15_SEI_020560_33.2025.8.15.zip,[09]-0321307_Anexo.pdf,LAUDO GRAFOTÉCNICO,Perito Grafocopista,outputs/laudos_por_especie/LAUDO GRAFOTÉCNICO/020560_33_2025_8_15_SEI_020560_33.2025.8.15.zip/[09]-0321307_Anexo.pdf,,LAUDO GRAFOTÉCNICO,LAUDO GRAFOTÉCNICO,auto,0.75,auto
019969_48_2025_8_15_SEI_019969_48.2025.8.15.zip,[15]-0329730_Anexo.pdf,LAUDO PSICOLÓGICO,Entrevistadora Forense Psicóloga,outputs/laudos_por_especie/LAUDO PSICOLÓGICO/019969_48_2025_8_15_SEI_019969_48.2025.8.15.zip/[15]-0329730_Anexo.pdf,,LAUDO PSICOLÓGICO,LAUDO PSICOLÓGICO,auto,0.75,auto
020603_26_2025_8_15_SEI_020603_26.2025.8.15.zip,[01]-0313141_Requerimento.html,LAUDO GRAFOTÉCNICO,Grafocopista,outputs/laudos_por_especie/LAUDO GRAFOTÉCNICO/020603_26_2025_8_15_SEI_020603_26.2025.8.15.zip/[01]-0313141_Requerimento.html,,LAUDO GRAFOTÉCNICO,LAUDO GRAFOTÉCNICO,auto,0.75,auto
020603_26_2025_8_15_SEI_020603_26.2025.8.15.zip,[03]-0313218_Anexo.pdf,LAUDO GRAFOTÉCNICO,Grafocopista,outputs/laudos_por_especie/LAUDO GRAFOTÉCNICO/020603_26_2025_8_15_SEI_020603_26.2025.8.15.zip/[03]-0313218_Anexo.pdf,,LAUDO GRAFOTÉCNICO,LAUDO GRAFOTÉCNICO,auto,0.75,auto
020603_26_2025_8_15_SEI_020603_26.2025.8.15.zip,[10]-0320628_Anexo.pdf,LAUDO GRAFOTÉCNICO,Grafocopista,outputs/laudos_por_especie/LAUDO GRAFOTÉCNICO/020603_26_2025_8_15_SEI_020603_26.2025.8.15.zip/[10]-0320628_Anexo.pdf,,LAUDO GRAFOTÉCNICO,LAUDO GRAFOTÉCNICO,auto,0.75,auto
020771_37_2025_8_15_SEI_020771_37.2025.8.15.zip,[01]-0314651_Anexo.pdf,"LAUDO DE AVALIAÇÃO DE IMÓVEL URBANO, CONFORME NORMAS DA ABNT RESPECTIVA",Engenheiro,"outputs/laudos_por_especie/LAUDO DE AVALIAÇÃO DE IMÓVEL URBANO, CONFORME NORMAS DA ABNT RESPECTIVA/020771_37_2025_8_15_SEI_020771_37.2025.8.15.zip/[01]-0314651_Anexo.pdf",,"LAUDO DE AVALIAÇÃO DE IMÓVEL URBANO, CONFORME NORMAS DA ABNT RESPECTIVA","LAUDO DE AVALIAÇÃO DE IMÓVEL URBANO, CONFORME NORMAS DA ABNT RESPECTIVA",auto,0.75,auto
020768_42_2025_8_15_SEI_020768_42.2025.8.15.zip,[1]-0314623_Anexo.pdf,"LAUDO DE AVALIAÇÃO DE IMÓVEL URBANO, CONFORME NORMAS DA ABNT RESPECTIVA",Engenheiro Civil e Segurança do Trabalho,"outputs/laudos_por_especie/LAUDO DE AVALIAÇÃO DE IMÓVEL URBANO, CONFORME NORMAS DA ABNT RESPECTIVA/020768_42_2025_8_15_SEI_020768_42.2025.8.15.zip/[1]-0314623_Anexo.pdf",,"LAUDO DE AVALIAÇÃO DE IMÓVEL URBANO, CONFORME NORMAS DA ABNT RESPECTIVA","LAUDO DE AVALIAÇÃO DE IMÓVEL URBANO, CONFORME NORMAS DA ABNT RESPECTIVA",auto,0.75,auto
020859_52_2025_8_15_SEI_020859_52.2025.8.15.zip,[03]-0315280_Anexo.pdf,LAUDO PSICOLÓGICO,Entrevistador Forense Psicóloga,outputs/laudos_por_especie/LAUDO PSICOLÓGICO/020859_52_2025_8_15_SEI_020859_52.2025.8.15.zip/[03]-0315280_Anexo.pdf,,LAUDO PSICOLÓGICO,LAUDO PSICOLÓGICO,auto,0.75,auto
020916_54_2025_8_15_SEI_020916_54.2025.8.15.zip,[02]-0315665_Anexo.pdf,,Perito Médico,outputs/laudos_por_especie/SEM_ESPECIE/020916_54_2025_8_15_SEI_020916_54.2025.8.15.zip/[02]-0315665_Anexo.pdf,,SEM_ESPECIE,LAUDO PSICOLÓGICO,conselho:crp,0.95,conselho
020916_54_2025_8_15_SEI_020916_54.2025.8.15.zip,[03]-0319251_Anexo.pdf,,Perito Médico,outputs/laudos_por_especie/SEM_ESPECIE/020916_54_2025_8_15_SEI_020916_54.2025.8.15.zip/[03]-0319251_Anexo.pdf,,SEM_ESPECIE,SEM_ESPECIE,sem_match,0.05,sem_especie
018077_65_2025_8_15_SEI_018077_65.2025.8.15.zip,[13]-0301354_Despacho.html,LAUDO GRAFOTÉCNICO,Perito Grafocopista,outputs/laudos_por_especie/LAUDO GRAFOTÉCNICO/018077_65_2025_8_15_SEI_018077_65.2025.8.15.zip/[13]-0301354_Despacho.html,contabil,LAUDO GRAFOTÉCNICO,LAUDO GRAFOTÉCNICO,auto,0.75,auto
018077_65_2025_8_15_SEI_018077_65.2025.8.15.zip,[10]-0300234_Certidao.html,LAUDO GRAFOTÉCNICO,Perito Grafocopista,outputs/laudos_por_especie/LAUDO GRAFOTÉCNICO/018077_65_2025_8_15_SEI_018077_65.2025.8.15.zip/[10]-0300234_Certidao.html,,LAUDO GRAFOTÉCNICO,LAUDO GRAFOTÉCNICO,auto,0.75,auto
018077_65_2025_8_15_SEI_018077_65.2025.8.15.zip,[01]-0282472_Oficio_SN.html,LAUDO GRAFOTÉCNICO,Perito Grafocopista,outputs/laudos_por_especie/LAUDO GRAFOTÉCNICO/018077_65_2025_8_15_SEI_018077_65.2025.8.15.zip/[01]-0282472_Oficio_SN.html,,LAUDO GRAFOTÉCNICO,LAUDO GRAFOTÉCNICO,auto,0.75,auto
018077_65_2025_8_15_SEI_018077_65.2025.8.15.zip,[18]-0302907_Anexo.pdf,LAUDO GRAFOTÉCNICO,Perito Grafocopista,outputs/laudos_por_especie/LAUDO GRAFOTÉCNICO/018077_65_2025_8_15_SEI_018077_65.2025.8.15.zip/[18]-0302907_Anexo.pdf,,LAUDO GRAFOTÉCNICO,LAUDO GRAFOTÉCNICO,auto,0.75,auto
018077_65_2025_8_15_SEI_018077_65.2025.8.15.zip,[17]-0302905_Anexo.pdf,LAUDO GRAFOTÉCNICO,Perito Grafocopista,outputs/laudos_por_especie/LAUDO GRAFOTÉCNICO/018077_65_2025_8_15_SEI_018077_65.2025.8.15.zip/[17]-0302905_Anexo.pdf,,LAUDO GRAFOTÉCNICO,LAUDO GRAFOTÉCNICO,auto,0.75,auto
020615_06_2025_8_15_SEI_020615_06.2025.8.15.zip,[02]-0313174_Anexo.pdf,"LAUDO DE AVALIAÇÃO DE IMÓVEL URBANO, CONFORME NORMAS DA ABNT RESPECTIVA",Engenheiro Civil,"outputs/laudos_por_especie/LAUDO DE AVALIAÇÃO DE IMÓVEL URBANO, CONFORME NORMAS DA ABNT RESPECTIVA/020615_06_2025_8_15_SEI_020615_06.2025.8.15.zip/[02]-0313174_Anexo.pdf",,"LAUDO DE AVALIAÇÃO DE IMÓVEL URBANO, CONFORME NORMAS DA ABNT RESPECTIVA","LAUDO DE AVALIAÇÃO DE IMÓVEL URBANO, CONFORME NORMAS DA ABNT RESPECTIVA",auto,0.75,auto
020615_06_2025_8_15_SEI_020615_06.2025.8.15.zip,[03]-0314355_Anexo.pdf,"LAUDO DE AVALIAÇÃO DE IMÓVEL URBANO, CONFORME NORMAS DA ABNT RESPECTIVA",Engenheiro Civil,"outputs/laudos_por_especie/LAUDO DE AVALIAÇÃO DE IMÓVEL URBANO, CONFORME NORMAS DA ABNT RESPECTIVA/020615_06_2025_8_15_SEI_020615_06.2025.8.15.zip/[03]-0314355_Anexo.pdf",,"LAUDO DE AVALIAÇÃO DE IMÓVEL URBANO, CONFORME NORMAS DA ABNT RESPECTIVA","LAUDO DE AVALIAÇÃO DE IMÓVEL URBANO, CONFORME NORMAS DA ABNT RESPECTIVA",auto,0.75,auto
021134_14_2025_8_15_SEI_021134_14.2025.8.15.zip,[02]-0317176_Anexo.pdf,,desde logo,outputs/laudos_por_especie/SEM_ESPECIE/021134_14_2025_8_15_SEI_021134_14.2025.8.15.zip/[02]-0317176_Anexo.pdf,,SEM_ESPECIE,SEM_ESPECIE,sem_match,0.05,sem_especie
021134_14_2025_8_15_SEI_021134_14.2025.8.15.zip,[03]-0317189_Anexo.pdf,,desde logo,outputs/laudos_por_especie/SEM_ESPECIE/021134_14_2025_8_15_SEI_021134_14.2025.8.15.zip/[03]-0317189_Anexo.pdf,,SEM_ESPECIE,LAUDO MÉDICO / DNA,texto,0.85,texto
021186_89_2025_8_15_SEI_021186_89.2025.8.15.zip,[02]-0317304_Anexo.pdf,,Perita Médica,outputs/laudos_por_especie/SEM_ESPECIE/021186_89_2025_8_15_SEI_021186_89.2025.8.15.zip/[02]-0317304_Anexo.pdf,,SEM_ESPECIE,SEM_ESPECIE,sem_match,0.05,sem_especie
021186_89_2025_8_15_SEI_021186_89.2025.8.15.zip,[04]-0317307_Anexo.pdf,,Perita Médica,outputs/laudos_por_especie/SEM_ESPECIE/021186_89_2025_8_15_SEI_021186_89.2025.8.15.zip/[04]-0317307_Anexo.pdf,,SEM_ESPECIE,LAUDO MÉDICO / DNA,texto,0.85,texto
021377_94_2025_8_15_SEI_021377_94.2025.8.15.zip,[09]-0324808_Anexo.pdf,LAUDO PSICOLÓGICO,"Psicóloga, Entrevistadora Forense",outputs/laudos_por_especie/LAUDO PSICOLÓGICO/021377_94_2025_8_15_SEI_021377_94.2025.8.15.zip/[09]-0324808_Anexo.pdf,,LAUDO PSICOLÓGICO,LAUDO PSICOLÓGICO,auto,0.75,auto
021510_34_2025_8_15_SEI_021510_34.2025.8.15.zip,[02]-0321205_Anexo.pdf,LAUDO GRAFOTÉCNICO,Perito Grafocopista,outputs/laudos_por_especie/LAUDO GRAFOTÉCNICO/021510_34_2025_8_15_SEI_021510_34.2025.8.15.zip/[02]-0321205_Anexo.pdf,,LAUDO GRAFOTÉCNICO,LAUDO GRAFOTÉCNICO,auto,0.75,auto
021510_34_2025_8_15_SEI_021510_34.2025.8.15.zip,[12]-0325418_Anexo.pdf,LAUDO GRAFOTÉCNICO,Perito Grafocopista,outputs/laudos_por_especie/LAUDO GRAFOTÉCNICO/021510_34_2025_8_15_SEI_021510_34.2025.8.15.zip/[12]-0325418_Anexo.pdf,,LAUDO GRAFOTÉCNICO,LAUDO GRAFOTÉCNICO,auto,0.75,auto
021510_34_2025_8_15_SEI_021510_34.2025.8.15.zip,[07]-0324123_Anexo.pdf,LAUDO GRAFOTÉCNICO,Perito Grafocopista,outputs/laudos_por_especie/LAUDO GRAFOTÉCNICO/021510_34_2025_8_15_SEI_021510_34.2025.8.15.zip/[07]-0324123_Anexo.pdf,,LAUDO GRAFOTÉCNICO,LAUDO GRAFOTÉCNICO,auto,0.75,auto
021483_79_2025_8_15_SEI_021483_79.2025.8.15.zip,[04]-0320920_Anexo.pdf,LAUDO PSICOLÓGICO,alinegrisi.psi@gmail.com,outputs/laudos_por_especie/LAUDO PSICOLÓGICO/021483_79_2025_8_15_SEI_021483_79.2025.8.15.zip/[04]-0320920_Anexo.pdf,,LAUDO PSICOLÓGICO,LAUDO PSICOLÓGICO,auto,0.75,auto
021224_58_2025_8_15_SEI_021224_58.2025.8.15.zip,[03]-0318640_Anexo.pdf,LAUDO PSICOLÓGICO,Entrevistadora Forense Assistente Social,outputs/laudos_por_especie/LAUDO PSICOLÓGICO/021224_58_2025_8_15_SEI_021224_58.2025.8.15.zip/[03]-0318640_Anexo.pdf,,LAUDO PSICOLÓGICO,LAUDO PSICOLÓGICO,auto,0.75,auto
021306_83_2025_8_15_SEI_021306_83.2025.8.15.zip,[01]-0318720_Requerimento.html,LAUDO GRAFOTÉCNICO,Perito Grafocopista,outputs/laudos_por_especie/LAUDO GRAFOTÉCNICO/021306_83_2025_8_15_SEI_021306_83.2025.8.15.zip/[01]-0318720_Requerimento.html,,LAUDO GRAFOTÉCNICO,LAUDO GRAFOTÉCNICO,auto,0.75,auto
021306_83_2025_8_15_SEI_021306_83.2025.8.15.zip,[05]-0319546_Anexo.pdf,LAUDO GRAFOTÉCNICO,Perito Grafocopista,outputs/laudos_por_especie/LAUDO GRAFOTÉCNICO/021306_83_2025_8_15_SEI_021306_83.2025.8.15.zip/[05]-0319546_Anexo.pdf,,LAUDO GRAFOTÉCNICO,LAUDO GRAFOTÉCNICO,auto,0.75,auto
021306_83_2025_8_15_SEI_021306_83.2025.8.15.zip,[04]-0319518_Anexo.pdf,LAUDO GRAFOTÉCNICO,Perito Grafocopista,outputs/laudos_por_especie/LAUDO GRAFOTÉCNICO/021306_83_2025_8_15_SEI_021306_83.2025.8.15.zip/[04]-0319518_Anexo.pdf,,LAUDO GRAFOTÉCNICO,LAUDO GRAFOTÉCNICO,auto,0.75,auto
021306_83_2025_8_15_SEI_021306_83.2025.8.15.zip,[03]-0318733_Certidao.html,LAUDO GRAFOTÉCNICO,Perito Grafocopista,outputs/laudos_por_especie/LAUDO GRAFOTÉCNICO/021306_83_2025_8_15_SEI_021306_83.2025.8.15.zip/[03]-0318733_Certidao.html,,LAUDO GRAFOTÉCNICO,LAUDO GRAFOTÉCNICO,auto,0.75,auto
021488_06_2025_8_15_SEI_021488_06.2025.8.15.zip,[02]-0321014_Anexo.pdf,LAUDO GRAFOTÉCNICO,Grafotécnico,outputs/laudos_por_especie/LAUDO GRAFOTÉCNICO/021488_06_2025_8_15_SEI_021488_06.2025.8.15.zip/[02]-0321014_Anexo.pdf,,LAUDO GRAFOTÉCNICO,LAUDO GRAFOTÉCNICO,auto,0.75,auto
021636_18_2025_8_15_SEI_021636_18.2025.8.15.zip,[03]-0323067_Anexo.pdf,,Interessado:,outputs/laudos_por_especie/SEM_ESPECIE/021636_18_2025_8_15_SEI_021636_18.2025.8.15.zip/[03]-0323067_Anexo.pdf,,SEM_ESPECIE,SEM_ESPECIE,sem_match,0.05,sem_especie
021609_63_2025_8_15_SEI_021609_63.2025.8.15.zip,[03]-0322664_Anexo.pdf,,Interessado:,outputs/laudos_por_especie/SEM_ESPECIE/021609_63_2025_8_15_SEI_021609_63.2025.8.15.zip/[03]-0322664_Anexo.pdf,,SEM_ESPECIE,SEM_ESPECIE,sem_match,0.05,sem_especie
021609_63_2025_8_15_SEI_021609_63.2025.8.15.zip,[02]-0322659_Anexo.pdf,,Interessado:,outputs/laudos_por_especie/SEM_ESPECIE/021609_63_2025_8_15_SEI_021609_63.2025.8.15.zip/[02]-0322659_Anexo.pdf,,SEM_ESPECIE,SEM_ESPECIE,sem_match,0.05,sem_especie
019296_38_2025_8_15_SEI_019296_38.2025.8.15.zip,[11]-0302168_Anexo.pdf,LAUDO GRAFOTÉCNICO,Perito Grafotécnico,outputs/laudos_por_especie/LAUDO GRAFOTÉCNICO/019296_38_2025_8_15_SEI_019296_38.2025.8.15.zip/[11]-0302168_Anexo.pdf,,LAUDO GRAFOTÉCNICO,LAUDO GRAFOTÉCNICO,auto,0.75,auto
022027_13_2025_8_15_SEI_022027_13.2025.8.15.zip,[02]-0326975_Anexo_022027_13.2025.8.15.pdf,LAUDO PSICOLÓGICO,Entrevistadora Forense Assistente Social,outputs/laudos_por_especie/LAUDO PSICOLÓGICO/022027_13_2025_8_15_SEI_022027_13.2025.8.15.zip/[02]-0326975_Anexo_022027_13.2025.8.15.pdf,,LAUDO PSICOLÓGICO,LAUDO PSICOLÓGICO,auto,0.75,auto
019678_48_2025_8_15_SEI_019678_48.2025.8.15.zip,[10]-0304141_Anexo.pdf,"LAUDO DE AVALIAÇÃO DE IMÓVEL URBANO, CONFORME NORMAS DA ABNT RESPECTIVA",Engenheiro Civil e de Segurança do Trabalho,"outputs/laudos_por_especie/LAUDO DE AVALIAÇÃO DE IMÓVEL URBANO, CONFORME NORMAS DA ABNT RESPECTIVA/019678_48_2025_8_15_SEI_019678_48.2025.8.15.zip/[10]-0304141_Anexo.pdf",,"LAUDO DE AVALIAÇÃO DE IMÓVEL URBANO, CONFORME NORMAS DA ABNT RESPECTIVA","LAUDO DE AVALIAÇÃO DE IMÓVEL URBANO, CONFORME NORMAS DA ABNT RESPECTIVA",auto,0.75,auto
019677_82_2025_8_15_SEI_019677_82.2025.8.15.zip,[10]-0304152_Anexo.pdf,,Interessado: Eduardo de Araújo Leite,outputs/laudos_por_especie/SEM_ESPECIE/019677_82_2025_8_15_SEI_019677_82.2025.8.15.zip/[10]-0304152_Anexo.pdf,,SEM_ESPECIE,SEM_ESPECIE,sem_match,0.05,sem_especie
019888_86_2025_8_15_SEI_019888_86.2025.8.15.zip,[08]-0308548_Anexo.pdf,"LAUDO DE AVALIAÇÃO DE IMÓVEL URBANO, CONFORME NORMAS DA ABNT RESPECTIVA",Engenheiro,"outputs/laudos_por_especie/LAUDO DE AVALIAÇÃO DE IMÓVEL URBANO, CONFORME NORMAS DA ABNT RESPECTIVA/019888_86_2025_8_15_SEI_019888_86.2025.8.15.zip/[08]-0308548_Anexo.pdf",,"LAUDO DE AVALIAÇÃO DE IMÓVEL URBANO, CONFORME NORMAS DA ABNT RESPECTIVA","LAUDO DE AVALIAÇÃO DE IMÓVEL URBANO, CONFORME NORMAS DA ABNT RESPECTIVA",auto,0.75,auto
